11
01
0
60
1 857.514630550118113 770.137107544460150
2 855.754697597680320 774.050107759913317
3 854.147186347000229 777.972886710632793
4 852.372370703945535 781.892584433829597
5 850.573763797351489 785.818511847802142
6 848.829367036974759 789.738198804163403
7 847.210898725136872 793.661971100771325
8 845.422495412509647 797.552075902495403
9 843.620297957689672 801.353780257681706
10 841.899277589730332 805.255728032331376
11 840.251627401680935 809.183814936458703
12 838.456077207468525 813.108268951671334
13 836.665631090668967 817.040343556009248
14 835.027111072106663 820.984051582959523
15 833.288545130262946 824.927040944602140
16 831.480228306937420 828.872376816523342
17 829.694760632512043 832.815913973634110
18 828.072755786451808 836.760879912375344
19 826.295202071643871 840.677800684441877
20 824.475986295491907 844.513946291683965
21 822.692962661564934 848.452458983494466
22 821.072378139270086 852.408387875193966
23 819.275888027898645 856.376966145337974
24 817.454380636612200 860.349357179996332
25 815.686431357505285 864.330448457573311
26 814.055736000240586 868.315649767029754
27 812.243558507909256 872.296489452378523
28 810.416791546977038 876.283372617850546
29 808.675311593753236 880.271052022182289
30 807.040223812829709 884.231824164989121
31 805.220696588114720 888.006855598044240
32 803.387594867876828 891.988703326625000
33 801.746128579866308 895.986989253213551
34 799.980843235093403 900.001126555705582
35 798.142956672390142 904.030859109990956
36 796.326346447908918 908.073196568443223
37 794.663154138902655 912.124481985535567
38 792.839416863043084 916.176246523133273
39 790.994224344327449 920.235096302083889
40 789.164289101193845 924.290081703162627
41 787.485097628558719 928.252877978112565
42 785.636176138457245 932.135263577841442
43 783.762911244955603 936.197204639065944
44 781.935730046504659 940.287232972442780
45 780.230732510594407 944.401490447629726
46 778.369613277416192 948.512260147819234
47 776.492015198010563 952.613296289922346
48 774.744291411978452 956.634180390536017
49 773.051743983503002 960.754025115053082
50 771.183154248603728 964.906751312238384
51 769.303175811412302 969.074022137016300
52 767.569124079948779 973.223326102326837
53 765.702766919917963 977.105215803238252
54 763.780519183280603 981.290994819181833
55 761.866563306259991 985.513959940025529
56 760.112720365912764 989.706775919501752
57 758.236615123460069 993.785249318161959
58 756.328214271708021 998.033671016413905
59 754.503260643658905 1002.327747205043806
60 752.789956897373258 1006.527482426147913
02
0
60
1 1161.005399602904390 769.718158999042771
2 1164.515433743300719 773.636527982305097
3 1167.857850918385338 777.557465221550274
4 1171.231621388976237 781.483502955980384
5 1174.713581714260499 785.407013739091553
6 1178.033398229004888 789.326606222916780
7 1181.566050179239028 793.231313880583002
8 1184.898032551517872 797.102474113295216
9 1188.400676846706347 800.898659883119308
10 1191.778160745499463 804.805495115276926
11 1195.124288347341462 808.737213307155912
12 1198.659224186055326 812.672727716963664
13 1201.997356110245391 816.616046632449070
14 1205.533646798565314 820.564285367720231
15 1208.896167978039102 824.515255840225109
16 1212.357723682031065 828.462591581930383
17 1215.817056275075856 832.406814669899518
18 1219.170250322097900 836.354650034396741
19 1222.745782544815711 840.273564099502096
20 1226.105009770616107 844.120527496103136
21 1229.676766052521316 848.065301534145874
22 1233.075055596622633 852.035255460628605
23 1236.481820837971100 856.023314271181448
24 1240.051686505003090 860.014673273400263
25 1243.451883250684432 864.024294484019720
26 1247.049337202119204 868.025786679306634
27 1250.461083146361034 872.037434492880152
28 1253.987924863557282 876.049939191190560
29 1257.476035497682005 880.053651564302868
30 1260.872745307123751 884.035994168429170
31 1264.478531659327473 887.846421394345953
32 1267.881842686585514 891.884025987240307
33 1271.509769182220225 895.929585834854151
34 1274.984736504196007 899.999095707899869
35 1278.489802831497855 904.091663595959517
36 1282.134850636523424 908.187449202902371
37 1285.615851574411863 912.284970712628819
38 1289.296516401388999 916.354299205783946
39 1292.708209575240517 920.367907733283687
40 1296.320110963170691 924.467897835969552
41 1299.895664357319674 928.568497709564667
42 1303.442497953753445 932.619916387417447
43 1307.189391228975865 936.712613018530533
44 1310.716038979082441 940.752460298189249
45 1314.366682641690886 944.960487170340571
46 1317.919764707371542 949.189921793220606
47 1321.568948762655282 953.416528267929039
48 1325.327714410719182 957.486986312388353
49 1328.837953986686898 961.731502017864045
50 1332.593144138189018 966.022270206817325
51 1336.256802698249658 970.208687728411178
52 1340.120179978890974 974.347826740617961
53 1343.659826236173330 978.606658026841501
54 1347.333693281802198 982.746615942050198
55 1351.263349315994219 987.060061772963991
56 1354.819040888905647 991.458300961209034
57 1358.705513782665776 995.654351062749583
58 1362.512585668206611 1000.106331323530640
59 1366.203480477808171 1004.436265665621136
60 1370.117551726508282 1008.818886599736175
03
0
60
1 1261.599979675663235 668.730284886201275
2 1266.717514488478855 670.867367764048026
3 1271.809745300524582 673.003961264334862
4 1276.900791378558552 675.157420365577195
5 1281.985511401973326 677.467445678036711
6 1287.079187951948597 679.659555403828222
7 1292.200032787765394 681.808707151889280
8 1297.449135028916089 683.947539211676599
9 1302.605430613488352 686.101048547788650
10 1307.723908819036751 688.361682749110969
11 1312.836175057041146 690.619767635064477
12 1317.953673791855181 692.781629152036658
13 1323.086224566345663 694.935307864810625
14 1328.236793564894469 697.092839998383965
15 1333.469621817741427 699.300673559116603
16 1338.698060376011881 701.627343611038214
17 1343.862412141945242 703.810528986369604
18 1349.016029867610314 705.977580067336021
19 1354.169803317314063 708.151587934330337
20 1359.335549745118669 710.358540732684560
21 1364.492668504880612 712.704376182156807
22 1369.682440160178203 714.911315616675552
23 1375.015512161240167 717.094055827416582
24 1380.241910109117953 719.285125782987507
25 1385.458486369628872 721.504307459823622
26 1390.679918806269370 723.847929394251878
27 1395.915193371718942 726.095141774529111
28 1401.173644992678419 728.306975640792416
29 1406.452115734009340 730.509449092514842
30 1411.851412413263688 732.698630428452930
31 1417.090552303008280 735.027716954065454
32 1422.357728318604131 737.313673699862989
33 1427.667896658439304 739.541074541626585
34 1433.004753208232160 741.781897336771408
35 1438.326571623519385 744.036169879653812
36 1443.568313734633421 746.331499998285835
37 1449.057393854793872 748.736633484329332
38 1454.494743731558856 751.036551686910116
39 1459.920454223573870 753.305634654546679
40 1465.239343198498545 755.558002258890838
41 1470.614909449636571 757.799133644685639
42 1476.082285352781128 760.226642251169324
43 1481.494252167443619 762.525761922980109
44 1486.951485627596185 764.846974569455256
45 1492.595858243857720 767.191812428101571
46 1498.110026754000046 769.536922900699892
47 1503.550861794158891 772.046410352704697
48 1509.138650331336748 774.323648621885582
49 1514.565265103982256 776.601608201792601
50 1520.226306897794302 778.992634699260634
51 1525.713804587788445 781.404043699502836
52 1531.571227744412454 783.938022987807358
53 1537.144150697627310 786.286570314346704
54 1542.878504697589051 788.619618661720324
55 1548.473266268799307 791.079297925625269
56 1554.261866039420511 793.540638929902912
57 1559.933413525760670 795.899972157842399
58 1565.624063524495568 798.445239339979253
59 1571.707898482614610 800.989817058813742
60 1577.473607686447622 803.451620843691217
04
0
60
1 557.018748210355398 768.734886531324605
2 550.176488798105765 772.665093621557162
3 543.323292833977462 776.587773677168911
4 536.461454426057799 780.505760934020827
5 529.606099311208027 784.422621079416672
6 522.801340322329224 788.333760542150912
7 516.014638299526723 792.240224454254758
8 509.133223173372130 796.097759449843693
9 502.221612997274065 799.904797737137756
10 495.292522090805164 803.818519127190257
11 488.347870707482002 807.752709924699843
12 481.392301474636042 811.695019554761757
13 474.429887601884673 815.647018008778105
14 467.458592297183031 819.604316137118417
15 460.504542816140145 823.550550866287381
16 453.596026909644706 827.490265707158187
17 446.581885521922288 831.428389869712078
18 439.525161269006105 835.379728992791570
19 432.459380848207900 839.340159087540428
20 425.485983552745154 843.273882911306714
21 418.431527487900212 847.307577654391366
22 411.296437027364163 851.365898676163397
23 404.131397081627256 855.448238413261606
24 396.989570359103084 859.521886117549798
25 390.055718349826236 863.603253560137773
26 382.840253354654180 867.590381794204973
27 375.573415016141212 871.695778852263743
28 368.403256635627827 875.839921513264471
29 361.096370306357358 879.992457496875204
30 353.749058578508141 884.102887812937638
31 346.475212927316250 888.080588538937377
32 339.071023844244849 892.276246212855199
33 331.753084996675511 896.505937853083310
34 324.437542917438293 900.687974508227853
35 317.013244651134187 904.928965976985864
36 309.502653660651333 909.215167072907548
37 301.979425228414584 913.480221432486474
38 294.369340311898895 917.810714904143310
39 286.780172412318109 922.136537307389631
40 279.104074401281309 926.496640723690234
41 271.403481168435007 930.802424277074920
42 263.654074290082349 935.133757017029666
43 255.987560707970545 939.482170113836901
44 248.205676241953427 943.991805269822862
45 240.324785555542690 948.409850144265761
46 232.341668031213715 953.005737850544051
47 224.294942418713305 957.485838826698682
48 216.206545775657389 962.108174434844159
49 208.111208740610408 966.790405975407680
50 199.968591562662510 971.379684151189963
51 191.609801515726929 976.025982150567074
52 183.506538819591469 980.756715838678133
53 175.049238084369762 985.455769880848720
54 166.666245663306654 990.277241936386531
55 158.002457565677133 995.144453461068110
56 149.358333040258088 1000.058966533983948
57 140.646932753915820 1005.025178745959806
58 131.807798195428461 1010.044663306981079
59 122.870873100869062 1015.119434946097726
60 113.830955930381094 1020.249009352078929
05
0
60
1 1361.199100816243572 768.728510934222754
2 1368.021852396515214 772.614499720417598
3 1374.846857227683813 776.508620348412933
4 1381.654187009984980 780.413223714686637
5 1388.354679058941656 784.330320065524347
6 1395.200419622977506 788.240829133385319
7 1402.055268296627446 792.141000354339781
8 1408.931942614984564 795.987644738028848
9 1415.819751328441725 799.810520845073142
10 1422.706720086924634 803.727591218780162
11 1429.569659005686617 807.660711627460728
12 1436.350776526745221 811.609425069723898
13 1443.261221379771314 815.565138209280121
14 1450.208916868036795 819.534961499579254
15 1457.171216445999789 823.517916858596095
16 1464.147508574332505 827.511973957784221
17 1471.124403092172315 831.494321245951596
18 1478.012749426429309 835.468347037636590
19 1484.941641837283669 839.439442375524209
20 1491.966849992763855 843.323423657378044
21 1499.021736939099355 847.322795214660232
22 1506.113631912116261 851.354221854083562
23 1513.231470759882768 855.413607516507341
24 1520.341080080253050 859.473123208173888
25 1527.338127257432006 863.537781253979006
26 1534.415842293931973 867.619487594933616
27 1541.627752395118023 871.709630272183063
28 1548.804579268158477 875.840400432852675
29 1556.062055555447614 879.983152156901269
30 1563.374104279067069 884.096454795499653
31 1570.583857799891348 888.065432543770157
32 1577.836502572330573 892.247209014377745
33 1585.077281498892944 896.480764797870961
34 1592.536565555055859 900.704934812041415
35 1599.898439046319936 904.872611901343248
36 1607.449815269130795 909.199495625327017
37 1614.885195884325867 913.522528470253064
38 1622.428602758264105 917.712914209820610
39 1629.912568955012603 922.125742763352832
40 1637.443163341182071 926.381051473408434
41 1645.054796802284272 930.749621934950028
42 1652.778566206147161 934.970201784442793
43 1660.624733033183702 939.452945074424974
44 1668.459878964957170 943.821581564057624
45 1676.315410125910603 948.399941589836658
46 1684.037542061429804 952.804983855452065
47 1691.933980069795780 957.486159811819448
48 1699.897469657492820 961.994601418068328
49 1708.010470200642885 966.580563877144641
50 1716.257538273899399 971.331899104905915
51 1724.503458149336211 976.003786508518147
52 1732.654560205939788 980.608209578967490
53 1740.965281269468960 985.231498738133268
54 1749.298968567949714 990.026879295484264
55 1757.835543537862577 994.896788558086541
56 1766.500747029319882 999.814654525696596
57 1775.162549498354792 1004.775900506898324
58 1783.924327219683391 1009.797211555250556
59 1792.769514466213877 1014.887802935633317
60 1801.601160185997742 1020.026778092138329
06
0
60
1 819.603574293015527 367.004132944997764
2 817.221490579063698 364.072708382500366
3 814.846426857817960 361.141819014980456
4 812.472532874661624 358.207517637042656
5 810.092625521848959 355.275399591092025
6 807.711999458200012 352.343946739833370
7 805.333280379228427 349.412393793842625
8 802.944902255449506 346.477321234517831
9 800.575758862570865 343.543418257567794
10 798.177527847170950 340.609462393411661
11 795.805771084606590 337.670005438324665
12 793.417853627343334 334.728980992803827
13 791.027239624423373 331.779781095769579
14 788.632238841966341 328.837436140510761
15 786.246633522165439 325.885219110375374
16 783.858571346333974 322.939882897366942
17 781.469708322986207 319.981719768622042
18 779.070901821702023 317.026369074260742
19 776.685989881216528 314.069724956185212
20 774.280613667937246 311.122679861853555
21 771.888179151498662 308.158350055085691
22 769.498642867333956 305.199635831873820
23 767.094289092609529 302.237242469283387
24 764.700607891587879 299.281013258805729
25 762.293904812772666 296.312725556211376
26 759.900621994515291 293.352558306506921
27 757.501779722410106 290.395209469011093
28 755.104851369193284 287.443262187010362
29 752.723894192316379 284.492504648324712
30 750.329638719076570 281.547228825263460
31 747.951008708784229 278.617329533832162
32 745.555650359465062 275.667677797024453
33 743.151910413872429 272.703957945847606
34 740.758892871574290 269.729229250673257
35 738.342097005491837 266.741942564271653
36 735.917755718688795 263.745954541867491
37 733.493160180235009 260.732402291459437
38 731.045259308348477 257.709537067710357
39 728.603835954849046 254.673646133151180
40 726.128229251194512 251.627901480996485
41 723.669553400992640 248.589944161409363
42 721.194144167279887 245.553890003253088
43 718.710743301312846 242.521118618397310
44 716.221732104446232 239.506996539944510
45 713.744587692403456 236.523345993598014
46 711.291247390053172 233.540841450580217
47 708.891854358826777 230.537273818087328
48 706.490714622892369 227.501289134651671
49 704.090823448172273 224.438571465806092
50 701.663270468524274 221.350249465173931
51 699.167167865592205 218.264441864655339
52 696.638934516946961 215.188465412368771
53 694.062605954216906 212.132201991597384
54 691.537601036976753 209.104447160798003
55 689.050970695486512 206.061646868187239
56 686.592786807434891 202.956574962352647
57 684.132921881262064 199.821574276167695
58 681.672928703045727 196.701910442785561
59 679.137972499127613 193.607673692132181
60 676.577680585516077 190.524254204304697
07
0
60
1 1119.262926551671399 513.710181759624447
2 1121.970423002080452 513.284661842008063
3 1124.667583275185279 512.831348504243124
4 1127.365991308151024 512.395921140385781
5 1130.081246823540141 511.954261186631925
6 1132.784955937236646 511.512472530386560
7 1135.490145004931946 511.075392749911032
8 1138.197304002789906 510.622496098871125
9 1140.911188834971426 510.192021692381616
10 1143.600984999869752 509.754223149886741
11 1146.322958724392720 509.313593828725971
12 1149.030111482881011 508.874733924008922
13 1151.739250185537685 508.432746421636693
14 1154.440412288146717 507.988244144837495
15 1157.152210785780426 507.554938881769885
16 1159.839648547835168 507.112523617369163
17 1162.539416412166020 506.672195590965714
18 1165.241563041315203 506.242964848487418
19 1167.959164114674877 505.795646457960288
20 1170.666436254343580 505.367001119110341
21 1173.377635668589392 504.912666049184452
22 1176.093910737079341 504.474530288741278
23 1178.810071915119352 504.039621296388532
24 1181.518356502813276 503.588460968513175
25 1184.238257744301336 503.161545082705516
26 1186.951736039002526 502.715231898045602
27 1189.661831181475691 502.278356104920590
28 1192.370625664227646 501.834948294250466
29 1195.089611544105765 501.399953589349366
30 1197.788285041547397 500.957913926305025
31 1200.493177066287217 500.513787416322089
32 1203.206057616110229 500.076991081763765
33 1205.917380387014646 499.632499225425590
34 1208.635694608429276 499.194026258234373
35 1211.360445853435294 498.749052598925800
36 1214.071532833801257 498.320753154570866
37 1216.809236853720904 497.871384180046675
38 1219.540881374152150 497.433757486382547
39 1222.294662943268804 496.995659327187980
40 1225.024372900467597 496.549848284148368
41 1227.782062258077076 496.127025810388318
42 1230.534087889814145 495.671516252942013
43 1233.283034742662721 495.242641158208073
44 1236.042653319442024 494.795318630754934
45 1238.802813031806636 494.367884119966561
46 1241.567395313774568 493.927116869239740
47 1244.345674057703718 493.487359461392771
48 1247.109490869567708 493.041838889127177
49 1249.892912641080784 492.598382188010589
50 1252.670513692626628 492.146831889225439
51 1255.442383679533805 491.701936181772282
52 1258.198760863548387 491.245005319534641
53 1260.940150086568337 490.785417852947376
54 1263.679122789695839 490.336297953188932
55 1266.413920611498042 489.869972122103377
56 1269.138867936349698 489.437424110730319
57 1271.910622321319579 488.997006522950016
58 1274.698042096042400 488.566248927173433
59 1277.510838376254242 488.133261871416380
60 1280.325644981242021 487.683892943109640
08
0
60
1 956.408312694801225 715.759849294145397
2 956.341244993810847 718.747914846957542
3 956.277110923341525 721.728335137492422
4 956.209426590731368 724.707118655214799
5 956.147811880264953 727.684351668090699
6 956.087352350631477 730.675574569192008
7 956.027399747984532 733.661627690676937
8 955.951102030853349 736.645841635875968
9 955.899075429860318 739.630324161960175
10 955.832357866173311 742.623043519921225
11 955.764788814828307 745.604099270738402
12 955.689399650642372 748.589102763383949
13 955.642885184935267 751.586434096524840
14 955.569345471095403 754.579010658992388
15 955.495607796471404 757.566983870147510
16 955.432258281827671 760.554884981284772
17 955.372187288532587 763.553016845735101
18 955.307506401153773 766.550091467131097
19 955.239378771358361 769.536516035133559
20 955.186021120555552 772.542746196393978
21 955.133162269874674 775.531058388193856
22 955.059582392276752 778.530416872096225
23 954.987233461736650 781.520887948908467
24 954.925547319090128 784.521840291235094
25 954.870096828808073 787.523138336466332
26 954.801882854263908 790.524547090498572
27 954.734803692101991 793.521397999218948
28 954.673465529216855 796.517578347611334
29 954.612313407938927 799.514595799403651
30 954.537005842125154 802.492353443411389
31 954.474531345331684 805.479115701308729
32 954.406695514130320 808.479337632195893
33 954.343513679530815 811.467457980350900
34 954.275337178886048 814.462930513707079
35 954.210750033807244 817.476304269026173
36 954.155697693044772 820.490735982203091
37 954.090106996552208 823.518193852669924
38 954.027415940872174 826.543349183202167
39 953.975302698761084 829.591152465650566
40 953.904985024699954 832.633399092890272
41 953.846447573172668 835.676880956824220
42 953.777538962524545 838.733961528393365
43 953.715067125096084 841.807378887429081
44 953.655733749271121 844.872248886004513
45 953.593842841322839 847.931875660174683
46 953.532043897524204 851.000770736587583
47 953.460599169600869 854.066889752531097
48 953.381056466832547 857.116111714218846
49 953.318039242402619 860.149495596170141
50 953.252229360463275 863.170526572053404
51 953.196855148831446 866.173581212554723
52 953.133565041524434 869.189554516872590
53 953.087251176336167 872.239379635497130
54 953.024580762335972 875.324963807798554
55 952.966508223416895 878.431763647285038
56 952.897074571202211 881.549094435555730
57 952.841376481642897 884.689147245834079
58 952.779726215069331 887.812352660802844
59 952.694627912207579 890.918671257890423
60 952.605586855443562 893.985502250111381
09
0
60
1 717.942898000285595 651.014586543143082
2 713.819172895674456 652.903490465302525
3 709.720251902615018 654.782551807511140
4 705.615283166813470 656.669329454878607
5 701.481772676651758 658.562251237840769
6 697.370308400053091 660.441590113262805
7 693.276069969830701 662.345859514832796
8 689.151976303664696 664.240093170381783
9 685.017586899458593 666.116370694775355
10 680.908257286746107 668.010197270140338
11 676.790291453474538 669.914879299669224
12 672.637593302936125 671.798315698576630
13 668.524309592361760 673.709850564344038
14 664.394707306485657 675.614228445087292
15 660.234379452801591 677.511958003400309
16 656.112433394210484 679.417041633310532
17 651.972021888079666 681.330333614811707
18 647.801116652297083 683.228651413740522
19 643.644564890153219 685.143720720388501
20 639.495514511890860 687.057686369313728
21 635.324739670099689 688.958653168054184
22 631.138841520746837 690.870156762181409
23 626.975548031281392 692.787978083479857
24 622.781285575480069 694.690855848042702
25 618.582061226994938 696.610140906542370
26 614.396110817566296 698.524073100825490
27 610.200320575886167 700.428378724393610
28 606.018307393795226 702.343614830291358
29 601.833273853177161 704.240225530807379
30 597.684326132069145 706.126812147004784
31 593.555138556727798 708.017692428517762
32 589.387529724291994 709.926449533939717
33 585.187982940894472 711.825185536597473
34 580.952721240275991 713.738608145892385
35 576.693529112729038 715.676714388928531
36 572.410320504430047 717.610568797141582
37 568.128979971425224 719.585975117965518
38 563.857226700484375 721.563156222636167
39 559.634882070586173 723.555984882882058
40 555.485645611621067 725.555736468789746
41 551.244768622759580 727.513626160577132
42 546.945006822150503 729.482894778102946
43 542.620091178237999 731.478595106694911
44 538.250732204720180 733.474612386948593
45 533.927662623216293 735.444435141426879
46 529.714208332716453 737.359734302925744
47 525.461041313770238 739.243539971603241
48 521.073335660642329 741.182751809985689
49 516.682731708790470 743.233726150212192
50 512.348336136622947 745.287472841594877
51 508.065204278982151 747.299114605969862
52 503.691476201679563 749.334911988477074
53 499.228491662394106 751.379669326475323
54 494.788433718018098 753.387265474101241
55 490.483047848679178 755.336895441734441
56 486.066869205683815 757.303488334182362
57 481.597315635543850 759.361081775753973
58 477.225264397190244 761.437966889219410
59 472.740475780579459 763.515202518910655
60 468.179509829467520 765.599460570773772
10
0
29
1 353.352611594309565 192.444780190933471
2 342.962741838219642 186.505515925115816
3 332.613511060657061 180.572961445281209
4 322.286073427619158 174.653901602105321
5 311.962367680518355 168.733001902479060
6 301.597801495511590 162.798286136572585
7 291.217313043834679 156.843006459958872
8 280.794353753321843 150.875007400246261
9 270.319497357646469 144.870958855671319
10 259.785374437617520 138.837119640883088
11 249.203260529783165 132.782024823602569
12 238.571994939408825 126.694756159157976
13 227.870222380772873 120.578589197684096
14 217.183907851488726 114.457111569657712
15 206.576051421072492 108.364186371623248
16 196.030543595915447 102.272925013511127
17 185.191914001987186 96.062241289383479
18 174.062677128722754 89.721341465660316
19 162.973405701655906 83.417104932872064
20 152.363622032926742 77.243262522283587
21 141.119786832092274 70.826971615383471
22 129.732548141837839 64.365889343876631
23 118.902975363173070 58.069009071339735
24 107.236606456949559 51.454022164843565
25 96.209497268181181 45.071813943832851
26 84.457396708750480 38.369877257676244
27 73.035960658299487 31.825775295033466
28 61.424186448604651 25.215368013968380
29 49.495532399603803 18.345429046160696
11
0
20
1 265.986057214168568 864.292780437640772
2 254.153404590616873 869.739353228767300
3 242.298093648064906 875.403982619900034
4 230.513860312329825 880.829548223363759
5 218.703682461176584 886.445557506334126
6 206.827959868023413 892.067408668735993
7 194.867809555587144 897.530813829372164
8 182.827826780245744 903.196818986375661
9 170.679095296242451 908.824016980346755
10 158.609384321972016 914.410576056600235
11 146.508119550170449 920.172611400772553
12 134.340912158115941 925.784229927257684
13 122.052258582727617 931.536958311300396
14 109.663606600274036 937.348518659853426
15 97.385938407248290 942.902819789129694
16 84.940895483731353 948.783084178443005
17 72.375506882955364 954.724637612460924
18 59.848343259696534 960.597145706031483
19 47.233012358890662 966.510795561304690
20 34.354180677216377 972.356134003235866
