27
01
0
60
1 958.858923762206814 567.615658920236797
2 958.853015456352864 567.719568264621330
3 958.846718486962459 567.951818136557335
4 958.838468314405418 568.049792874275568
5 958.832787913527795 568.120294643941747
6 958.835454361671736 568.190417947462720
7 958.825699259388443 568.257905625640774
8 958.822725390131609 568.331319496759193
9 958.815410553139714 568.409021425744982
10 958.808960123553106 568.501171420688024
11 958.804317724576890 568.612760133828829
12 958.795645969957377 568.906509918661868
13 958.794691054903865 569.068333240137235
14 958.787611567463273 569.186994011840284
15 958.782183614355063 569.302305641222233
16 958.779648807362378 569.422682315776569
17 958.771745163849687 569.566599021212028
18 958.758060359870797 569.927128980507291
19 958.750641862969587 570.131542344060563
20 958.745403400403120 570.287453323324371
21 958.739688571365150 570.454457810145868
22 958.736031957748878 570.679493412006423
23 958.717991657960511 571.101357347684598
24 958.711660575041037 571.298139702326466
25 958.706666250858234 571.511952945061694
26 958.694964325567298 571.980913124046197
27 958.683129517495559 572.246009880094562
28 958.676267686823167 572.487246065076420
29 958.667397582284025 572.999409219616609
30 958.654602332503032 573.293331900390399
31 958.648325201526859 573.591100604720395
32 958.632421200385465 574.165845707381550
33 958.620993685187614 574.484832236850139
34 958.607351461400071 575.109503787673930
35 958.596564012707859 575.469358198827308
36 958.583356271153775 576.130556815522596
37 958.572418630201923 576.525629930646915
38 958.546470970203245 577.235407362449450
39 958.543285508180475 577.715934030878202
40 958.518900685153994 578.382590251654847
41 958.502988551066437 579.133342246035909
42 958.490381102283663 579.629792198829819
43 958.473646133071952 580.387121916915248
44 958.450257246493152 581.210749459757494
45 958.427002607770191 581.982254475807053
46 958.413085475499997 582.555867507684638
47 958.392707516301812 583.392324059014072
48 958.364682950001338 584.263178725405282
49 958.344177777690334 585.144024541355066
50 958.323257952687641 586.024119291734337
51 958.287762960636087 586.797535963926748
52 958.270270712375577 587.606692452839070
53 958.239095437188780 588.535339352371011
54 958.207151167948382 589.481735919446578
55 958.169181297384966 590.447815308871782
56 958.134922231674636 591.430139989090435
57 958.075407140330071 592.432440889773943
58 957.936133459164012 593.443782833507044
59 957.846290189030697 594.479448617391654
60 957.796867463809235 595.525855577903371
02
0
60
1 857.811490811830822 770.210388407724736
2 857.582204835488369 770.934811143599632
3 857.256405715336314 771.531545298426636
4 856.893965631014112 772.232593302762552
5 856.622097532270232 773.032305865525927
6 856.288533506587669 773.862504047500465
7 855.854479303076573 774.688914834608681
8 855.533366299641557 775.457256777181897
9 855.021189540499790 776.384270202075072
10 854.654247976960505 777.370954994733893
11 854.118784674091671 778.419533924845950
12 853.679323265899939 779.634072777138954
13 853.085836481566503 780.837828554366297
14 852.607045999169713 782.069004216745384
15 851.919819103060604 783.356856581135162
16 851.406041488251390 784.898683540018510
17 850.671155390366948 786.319662309749219
18 849.889338329533757 788.021095721708321
19 849.122399003248802 789.788850496672922
20 848.428795248667484 791.505661809550588
21 847.557909234260592 793.417283271903102
22 846.632509587285881 795.454968708664182
23 845.672359385053596 797.724474457300175
24 844.656674750423122 799.977852605619205
25 843.600240683836319 802.311624523259525
26 842.495648136683940 804.953321862438088
27 841.300366707489275 807.530788691446332
28 839.949620806808639 810.347542744457542
29 838.683104359190111 813.310820381469284
30 837.364268822368786 816.409959225784178
31 835.799073287792226 819.815255370101681
32 834.338788833310900 823.269928055259243
33 832.631090371061418 827.060981876431811
34 830.812642826630963 831.027941310224833
35 828.940652715083957 835.188948858136541
36 827.009525370990559 839.509782458034351
37 824.965937994481465 844.200076920881543
38 822.828300460582113 848.918524563264100
39 820.635249311620782 853.924100296324809
40 818.397659335547360 859.271673917050407
41 815.853155950358087 864.644018455778905
42 813.475018315706507 870.304105412649619
43 810.806536832572988 875.993768140098268
44 808.262316377789944 882.050866896043317
45 805.419393987868261 888.311514075787272
46 802.518831563668982 894.897601369453241
47 799.545267551215375 901.488512611794704
48 796.484669780092077 908.446158172924811
49 793.336701272890195 915.543092412359101
50 790.110589564238580 922.713482272139458
51 786.816387519585078 930.151235224567472
52 783.452902339090087 937.831497518416541
53 779.822662170177864 945.728349718278423
54 776.422512183359231 953.788335698234960
55 772.677679254284385 962.145181124714668
56 769.007123225613896 970.582120798095843
57 765.036331907779640 979.201330193783747
58 760.999282177315308 988.122377641932758
59 757.137684986052932 997.183860324323291
60 753.062571566922770 1006.579361953560920
03
0
60
1 1161.082128095928510 668.907079836893331
2 1161.741051649542669 669.191249903150151
3 1162.224195592747037 669.621702928070931
4 1162.905991129778386 670.020905742321816
5 1163.616977017581121 670.358494523898798
6 1164.183151417356385 670.902255331177003
7 1164.951462647826702 671.275431499804426
8 1165.769424838349551 671.869876770832434
9 1166.610730905462106 672.286189008861584
10 1167.409339128727652 672.932736252482187
11 1168.277300589394599 673.434037159364948
12 1169.252462048549660 674.104212022429806
13 1170.296548778308988 674.838818689179675
14 1171.508198287135883 675.443873567386163
15 1172.690734372107272 676.219826365405083
16 1173.906967834066563 677.060626684176555
17 1175.175663547796375 677.939243496619611
18 1176.710258506248465 678.862139471284422
19 1178.112981057960951 679.827386490500658
20 1179.794894980882873 680.850097089489736
21 1181.481706599082145 681.920659122482220
22 1183.175964796157359 683.035580294137048
23 1185.077099331454065 684.195856691602103
24 1187.069226867123689 685.453797327814073
25 1189.159124042589156 686.909619499065002
26 1191.409532426809847 688.243487996508975
27 1193.812303823150387 689.847861489309025
28 1196.181745620189531 691.317485664449009
29 1198.856158388065296 693.042728417620538
30 1201.602852543873269 694.826474383767959
31 1204.366357908358850 696.569488428694513
32 1207.449126265147925 698.517363243187447
33 1210.833306579638020 700.674587469178050
34 1214.202406187621818 702.947403590549470
35 1217.927307155244989 705.209577274068579
36 1221.760215607222790 707.643117068524134
37 1225.769667860205118 710.249074130016425
38 1229.988928632938496 713.010835888183465
39 1234.302501342678624 715.697666086401796
40 1238.933021853290256 718.590934938101555
41 1243.545776367424651 721.610618095383074
42 1248.463248167527581 724.775938470846995
43 1253.559164428939539 728.159423865968733
44 1258.805942779589031 731.465996228826270
45 1264.384810791000518 734.930120008440213
46 1269.928388632981523 738.562874177125423
47 1275.818103462967429 742.357624759412488
48 1281.843402413280728 746.088175005628045
49 1288.017203054874471 750.046150015114677
50 1294.304370070230107 754.129105494434157
51 1300.729646292921643 758.304603643140922
52 1307.507122726789703 762.583144044578717
53 1314.271165124971958 767.084994230268308
54 1321.339920249669831 771.524100853815526
55 1328.570488129363639 776.091250984212934
56 1335.907575913442543 780.862774122427709
57 1343.437752326292184 785.758669804893657
58 1351.317376842123622 790.597970385909207
59 1359.089509110778636 795.715343751601381
60 1367.240686422870795 800.896357539328733
04
0
60
1 656.197676049449683 769.361537587092585
2 655.349265647915217 770.081890100003307
3 654.564348562421856 770.669576367084915
4 653.638132528854499 771.390173614288415
5 652.660374490605705 772.186666269171724
6 651.634395737995760 773.011047707318426
7 650.506672094645182 773.824431886913203
8 649.237898869427454 774.583123921779134
9 648.035509053098622 775.517703550209148
10 646.809350112371817 776.504932983052981
11 645.297020949767898 777.548203828473902
12 643.902172247548378 778.760074389188958
13 642.234198302957452 780.003418624302753
14 640.680859025176005 781.218881083565975
15 638.855304851587221 782.502538690533243
16 636.942875496073952 784.050132912771801
17 634.927826459608013 785.467124024384589
18 632.821574543227257 787.172988931067266
19 630.559857420417643 788.938095426961013
20 628.048975753683180 790.629555029482503
21 625.583702191457974 792.553133687651780
22 622.841857949572614 794.592649164570275
23 619.949953721585302 796.894062435773208
24 616.929896131854775 799.155235345132724
25 613.780020050754842 801.491691351306486
26 610.393980156714633 804.138325230868418
27 606.816279679534205 806.709534099443772
28 603.016508311676262 809.549807885570885
29 599.066598458243448 812.526629896040617
30 594.933063048205781 815.647695017664319
31 590.602036537408935 819.076317007795183
32 585.832168081405371 822.557892804600442
33 580.854809023599159 826.388940721306653
34 575.585913390146516 830.394631496629472
35 570.110564409008362 834.564240908055012
36 564.196121162189115 838.905509916140090
37 558.073712204733738 843.660907868476215
38 551.690166443865110 848.453096708154476
39 544.865022417885825 853.515767042761013
40 537.794869421857697 858.965506351223553
41 530.464257311041592 864.456351858716403
42 523.003692913362329 870.211817125810398
43 515.015075579826885 876.033726355814451
44 506.755352298571438 882.272837941967509
45 498.286038564223020 888.714218479412693
46 489.638154423298147 895.392602280967822
47 480.385204421787648 902.166929213650974
48 471.095210199659675 909.406019049447991
49 461.365798134517263 916.633465931469914
50 451.447234421583801 924.273734326530416
51 441.145444940289906 931.898828602957792
52 430.700292577673736 939.962197663702000
53 419.751599145893067 948.275150239897471
54 408.311815310941597 956.767272704563879
55 396.868634995754007 965.522155481990694
56 384.782866544361241 974.569660173864577
57 372.374299825924084 983.795083958381383
58 359.868897327518368 993.347220173187907
59 346.887193675905394 1003.311611721572376
60 333.283884639803716 1013.509342459027494
05
0
60
1 556.269807961826245 567.768460408352780
2 555.163230587021417 567.831382684212599
3 554.013061166260968 568.041144099301505
4 552.659488717401928 568.163030690868936
5 551.362788068553073 568.251889193360967
6 550.054774683055939 568.342705861084255
7 548.502054773205828 568.423677180138725
8 547.046990980772307 568.500206945477430
9 545.336139920546657 568.585857154796713
10 543.569931188160808 568.669869019799307
11 541.743276268523459 568.763130575135278
12 539.776321513391849 568.986053823252064
13 537.642624806538606 569.193769190222383
14 535.411325815206851 569.341294022317811
15 533.101606260858944 569.467044137238759
16 530.491385546039169 569.594904241960762
17 527.896192982649950 569.728713645710627
18 525.041253428801383 570.018043318471655
19 522.022453990990016 570.275113764301295
20 518.706828990363647 570.460632567969014
21 515.299975602792301 570.621972670176774
22 511.681137150961490 570.815279300765724
23 507.954642935661184 571.242392346723705
24 503.918464181750721 571.470291540222661
25 499.542195948184371 571.678160911819987
26 495.066122624530635 572.096841114250310
27 490.279122334047997 572.417782043247598
28 485.285599068487215 572.661594111297859
29 480.033662181072771 573.133959612992157
30 474.619384537293229 573.473467974254504
31 468.702063249374930 573.768998294900484
32 462.500024247241527 574.343161473553323
33 455.756143782378615 574.686145201713316
34 448.770664596851304 575.296194384779255
35 441.361797003259255 575.682990992502937
36 433.446756351354622 576.337750050623185
37 425.177226177320790 576.755428949069938
38 416.645464076196049 577.455572634254281
39 407.674145762096032 577.929236146010908
40 398.239513221999687 578.644849128959436
41 388.529755684457598 579.393172710348267
42 378.393039623041091 579.898486950095048
43 367.805206282713129 580.657543989108262
44 356.711142240888989 581.503767316010567
45 345.337166633073707 582.295795752836398
46 333.611143032538052 582.965463945994543
47 321.495948007858260 583.837959929709427
48 308.876223544185905 584.749592958250560
49 295.908577870879640 585.686278008285967
50 282.383526768548620 586.637103591080631
51 268.651210797211888 587.533158023158649
52 254.365188215978549 588.455013034403919
53 239.512324493424472 589.484961047490970
54 224.405028613179070 590.539178053737146
55 208.745909534824875 591.611821653132324
56 192.446139906110687 592.712671076552851
57 175.901959225286504 593.860483475876663
58 158.702421792946183 595.025052538478690
59 140.998120236632616 596.241457178531050
60 122.582671741572767 597.492487106584917
06
0
60
1 1261.874545327378428 567.704101369045475
2 1262.608235953719259 567.804627855603940
3 1263.489412213880996 567.988614245318445
4 1264.425756439051838 568.080029740218265
5 1265.402597575360460 568.160560358868338
6 1266.422334739462940 568.233209820083630
7 1267.497111948343445 568.306222820216590
8 1268.715294310381296 568.388694800947633
9 1270.016038944465890 568.483777402846385
10 1271.238498078922930 568.578275829450831
11 1272.582239134656220 568.694485553983100
12 1274.137970301627774 568.942583283150498
13 1275.640809375605386 569.110703362227468
14 1277.326793436521484 569.232182128222234
15 1279.153982083699020 569.356511010802365
16 1281.056804875252283 569.496762818682214
17 1283.062089534967527 569.652204358951963
18 1285.159594254334252 569.965811709209447
19 1287.354867662243350 570.172515896710934
20 1289.864238317063155 570.350237630737183
21 1292.319203372050197 570.528565629165428
22 1295.080247045534861 570.766506944092271
23 1297.935606825535615 571.148124707758711
24 1300.930706738226263 571.363661114274805
25 1304.080285853771329 571.592011329194975
26 1307.347087633460660 572.020477016667314
27 1310.961557323289071 572.307214829144527
28 1314.509953047863746 572.566378414713881
29 1318.420247256355424 573.051191644460573
30 1322.461973020211872 573.369988862889500
31 1326.901998634210941 573.689309026757314
32 1331.457718156104875 574.239811001436237
33 1336.402869647136640 574.577305414070679
34 1341.582744629507260 575.191752672003759
35 1347.180711502854592 575.564683871856346
36 1352.846617637373356 576.222662089699384
37 1358.922229373222308 576.642122772418475
38 1365.385471319811359 577.339516051418286
39 1371.979440237233348 577.848125826520345
40 1378.942763391209837 578.500387520756931
41 1386.132265790802194 579.255006523047655
42 1393.461386740643320 579.760303930860346
43 1401.281355404261603 580.522257016685558
44 1409.325771384643076 581.336551008916786
45 1417.656884364076404 582.118251217435841
46 1426.179501154606214 582.752354300620823
47 1434.903794103707014 583.616128428725574
48 1444.041147208764414 584.502469910272339
49 1453.456556706831634 585.396117045075812
50 1463.209549558838717 586.307090536496730
51 1473.125347674974137 587.187934919243958
52 1483.391296266856671 588.036750916770302
53 1493.947621384172407 589.016798335578073
54 1504.681809497742734 590.022150852381856
55 1515.698938108540233 591.057726277433062
56 1527.164992763122882 592.117651163749656
57 1538.888641229460518 593.201084283950991
58 1550.843176763742576 594.302869605698561
59 1563.072343398865087 595.425091374125600
60 1575.781852904364996 596.569207588165455
07
0
60
1 1261.343019514080879 769.089124011525882
2 1262.078889305121947 769.809875022334268
3 1262.948702501111939 770.402078267610023
4 1263.883228567096694 771.111094101000958
5 1264.863409360216110 771.906498566095365
6 1265.891304652965573 772.735183257521498
7 1266.969260347111685 773.546875745275202
8 1268.218506208128019 774.328801172661088
9 1269.460493398235030 775.260169748236990
10 1270.709597010947164 776.245380443158638
11 1272.039244503377176 777.296557411710751
12 1273.605842270504809 778.481914727605613
13 1275.098068892685205 779.712477755823443
14 1276.776787031124059 780.941297686431199
15 1278.607274121464343 782.233577767663519
16 1280.513286096180991 783.767532369087007
17 1282.512026202574816 785.195572804234985
18 1284.616179560713135 786.896395736953991
19 1286.828991997204866 788.659032225830288
20 1289.317864098908558 790.377158794192610
21 1291.781557213288806 792.295008992351200
22 1294.549419250512983 794.341631243687857
23 1297.410679602201071 796.606900992641954
24 1300.403103252977871 798.881102510616529
25 1303.570009559286973 801.220371112025759
26 1306.860855579487406 803.872577315186845
27 1310.481560968840768 806.463739675711963
28 1314.086096907140927 809.291581549572129
29 1318.021674805228031 812.272420888344868
30 1322.125724813417492 815.382795116676220
31 1326.582670732057522 818.835978064875349
32 1331.198867850046327 822.287884312710389
33 1336.185324856059879 826.108763581167295
34 1341.416858256317482 830.055786970864801
35 1347.048102701639664 834.202588207930717
36 1352.716122694476780 838.555334209024750
37 1358.756543970283246 843.305251455409575
38 1365.271405307850046 848.120255782495974
39 1371.914973733130864 853.202883621140359
40 1378.970890879476428 858.644908264623837
41 1386.255505694218755 864.122288859044488
42 1393.676133936611677 869.864226922019611
43 1401.599291206583985 875.703387257202507
44 1409.764013120446634 881.930910621317707
45 1418.216240558842401 888.344281906491915
46 1426.855188936692684 895.097682552434890
47 1435.797216386722084 901.814134750941776
48 1445.087766869763527 908.986758233268006
49 1454.687171558982527 916.325695117295822
50 1464.732548491601847 923.852172368988590
51 1474.884156401568362 931.586686392756860
52 1485.502100626050606 939.523933814583643
53 1496.320930679162529 947.856845334788318
54 1507.474302647429113 956.452322849531811
55 1518.959115465107061 965.231921824555229
56 1530.867853145458639 974.216299140994124
57 1543.035882571807406 983.463512214192633
58 1555.654291836417087 993.035257948130379
59 1568.420065410540928 1002.804688839378741
60 1581.876122052141000 1012.989794948893291
08
0
60
1 1362.428457619037090 308.024980993891177
2 1363.381154274480195 307.472187111540961
3 1364.647544473654079 306.743956501664115
4 1365.994263357576983 305.970840597239885
5 1367.268749360341189 305.229792294966273
6 1368.505123450180008 304.520728545305360
7 1370.001157476471917 303.652323432887329
8 1371.583974342729562 302.741285379613601
9 1373.247718682655886 301.782656348346791
10 1374.987155111849233 300.783967673831512
11 1376.810712603933098 299.734800210712478
12 1378.726336435866642 298.633480363859690
13 1380.811728464008638 297.432550535019573
14 1383.230796703813212 296.023486498206125
15 1385.483109349608412 294.733419439072350
16 1388.114300270931381 293.205268374852722
17 1390.698261398860268 291.720876359570070
18 1393.678265271998043 289.998542427346138
19 1396.542269558423413 288.343537300171192
20 1399.734248440121291 286.506912348833907
21 1403.152620724571079 284.541751221915092
22 1406.757523171892899 282.473396915446415
23 1410.760540730961111 280.150745332495489
24 1414.798427842799583 277.827031918929151
25 1418.931626028951314 275.437311781671042
26 1423.608190513048157 272.749888674720069
27 1428.415920164413819 269.986663157281100
28 1433.249121475967740 267.221548759042889
29 1438.523711426136742 264.190450260324667
30 1444.285274837843417 260.876983655855611
31 1450.121243009075215 257.526895087283606
32 1456.246181832696948 254.000744374764423
33 1462.899226462251590 250.134325320280112
34 1469.906509815453546 246.034822973388685
35 1477.282979266268512 241.741039259230206
36 1485.299901830930594 237.070321763233039
37 1493.396618463937784 232.438775203468964
38 1502.238703628735720 227.448469954738869
39 1511.372644872336650 222.199531570899751
40 1520.836634427280160 216.626154554574271
41 1530.679170905678575 210.938634641404036
42 1541.070846467599267 204.986088319030898
43 1551.664281313753918 198.933337823182143
44 1562.657386324624895 192.458408328772919
45 1574.314274068720124 185.796812567880693
46 1586.326302963598664 178.911500101738284
47 1598.670038229830197 171.749523398043948
48 1611.769669207425750 164.241045697694574
49 1624.806206052297966 156.676120649705240
50 1638.418386964593765 148.771606303903070
51 1652.560749265076538 140.617317499242233
52 1667.477296281821054 132.033220882639569
53 1682.367768546786692 123.449494627003162
54 1698.181497819620063 114.323814327327128
55 1714.677285961794269 104.842387963178012
56 1731.250385370088907 95.272352060972139
57 1749.075407833767258 84.986589331239415
58 1766.892871527329135 74.718070054036787
59 1785.697536174018069 63.874036872136372
60 1805.089312976183464 52.654870283386515
09
0
60
1 557.174983113270400 768.480687307183757
2 556.054929741438627 769.222351404908522
3 554.881389440954308 769.772863101924827
4 553.530311383982962 770.500204339159495
5 552.259091128764567 771.326372059508230
6 550.938225010987253 772.160643676961513
7 549.384477562944085 772.976474617286158
8 547.940352305868373 773.683411758746729
9 546.229741422346933 774.618612589198165
10 544.438549602609555 775.605141769722877
11 542.582675601894380 776.652031116428589
12 540.620883993940197 777.917692345394926
13 538.516460397737319 779.156805023705601
14 536.310159434624893 780.347258175705178
15 533.997456728615589 781.610706801430865
16 531.370663862595393 783.197132768557822
17 528.743465001320260 784.575825978298553
18 525.920008048471573 786.312029237311549
19 522.886869878677544 788.085283235096654
20 519.564910846806015 789.730322459108947
21 516.184850143571794 791.640016647883385
22 512.520235774457205 793.687172936558682
23 508.805189031383463 796.026571006316544
24 504.766046694698957 798.261890040149751
25 500.376725272453882 800.562650884782556
26 495.928837501402086 803.229357622359089
27 491.115692718673017 805.764895331877938
28 486.082234341961339 808.613257983495146
29 480.835658059298169 811.613361871284155
30 475.382116043275005 814.772371088279328
31 469.535911393880383 818.223830761650675
32 463.327802486119538 821.758564742988938
33 456.525297968387690 825.622314850014391
34 449.390703356989718 829.678696213336025
35 441.915336814533987 833.937539138155103
36 433.935132136623054 838.358885085988618
37 425.763914327150474 843.160818361568317
38 417.140989666194912 847.862590276793867
39 407.937948917831079 853.026274146176888
40 398.554569560503808 858.554108272847202
41 388.692681755445108 864.142768109605640
42 378.416777867911037 869.971760626302284
43 367.687913527301475 875.945671035706823
44 356.486901170378815 882.308275621731696
45 344.889597480568227 888.811751671029924
46 332.939664313872072 895.740077687372718
47 320.644648756511003 902.665900288015905
48 307.775254835351575 910.026451507624074
49 294.477729466462847 917.605541577998565
50 280.614522470983729 925.431417528321390
51 266.572263922460252 933.417429237983356
52 251.826625279009534 941.720184271054677
53 236.430969436485668 950.408627927881412
54 220.828998405045382 959.447922213577954
55 204.620899120214659 968.670672725586996
56 187.521947290844935 978.181242623161893
57 170.220788298311533 988.013884848889347
58 152.155540398379458 998.280826481577606
59 133.486591253784070 1008.910462299055553
60 113.974939344241420 1019.975763260149733
10
0
54
1 457.658954225278251 667.815616384082546
2 456.162361661161810 668.120910202738628
3 454.745319048059173 668.530909003199213
4 453.107873433474083 668.933565695803509
5 451.468894079989468 669.282080240378377
6 449.822712266377664 669.812088185619018
7 447.973914540666271 670.199180029811032
8 446.029168246460586 670.775743811616394
9 443.999656779898601 671.207809566844503
10 441.838706704612150 671.841242194302026
11 439.430959038546064 672.338522330438082
12 437.013771047543742 673.027895727720988
13 434.325110892110843 673.745629564049068
14 431.634148705973303 674.341346142730345
15 428.672376308432717 675.128377778551567
16 425.405440997936353 675.978802329161226
17 422.078448331651202 676.861481433787844
18 418.493085852595584 677.784395664697740
19 414.784927963364225 678.746210641539733
20 410.753743603617636 679.770684520525492
21 406.385918405062796 680.841508439465656
22 401.916413796978929 681.965476397719499
23 397.089229729208512 683.144039679645289
24 392.028333837621403 684.407652107243734
25 386.725854338562328 685.866566804076342
26 381.002664706100404 687.234685609308144
27 375.075929197570019 688.840533617279789
28 368.760497693052116 690.338777165016268
29 362.320036641893694 692.102070012944978
30 355.361092703318548 693.920327992711805
31 347.997810408736484 695.684992886261853
32 340.001790171587288 697.664139677360481
33 331.601842135869560 699.874198257182798
34 322.633946343634307 702.186147737456281
35 313.294757497731950 704.425457550934198
36 303.422031726440594 706.905559748378096
37 293.093586744053596 709.621875814404120
38 281.999033372658630 712.483638883474100
39 270.555142143483579 715.309575356823871
40 258.625245911429829 718.369134226986148
41 246.141809955907917 721.561279607794404
42 233.173533720725885 724.823900738593920
43 219.501045932526466 728.389574635165332
44 205.417379235612117 731.945940353139008
45 190.732710800786293 735.630560919737945
46 175.587307533955396 739.544888880563917
47 159.672184405321588 743.657506394389088
48 143.291155498767466 747.671738731123810
49 126.231011960271900 752.038628769843626
50 108.711155958657486 756.503490263023082
51 90.411145533528156 761.175848550472210
52 71.469673124459575 766.023014569324346
53 51.745753721405862 771.124552715800291
54 31.326470439024863 776.234027939906923
11
0
54
1 1459.710423901692138 767.739774809208029
2 1461.231621649253384 768.472853877221382
3 1462.623287476629002 769.049088115721702
4 1464.266324215170471 769.761875501257464
5 1465.793270832267126 770.575496946666817
6 1467.539385095763691 771.406038830084981
7 1469.393553521029844 772.214117471932809
8 1471.331578957098827 772.956228220725507
9 1473.352314267491920 773.883369642620664
10 1475.486125128298227 774.867195964489952
11 1477.767930634472577 775.919141179374947
12 1480.308464310796353 777.161898454433981
13 1482.860107876417715 778.389878475304840
14 1485.617545207221838 779.586457675218639
15 1488.575375442716904 780.865470550150576
16 1491.725888246735394 782.427787731024296
17 1495.176297292922527 783.830603556776964
18 1498.635037763793662 785.554114086375648
19 1502.453860118723924 787.316913951887045
20 1506.459894018772957 788.998229532833761
21 1510.673127633825516 790.916808907137010
22 1515.298539169498554 792.985342127633885
23 1519.931796592215733 795.292536273192241
24 1524.935266927157272 797.564417895388601
25 1530.377541897468291 799.926116664050710
26 1535.803906964947373 802.599011348693125
27 1541.776957989888388 805.218387224471826
28 1548.025503101356207 808.085456586671057
29 1554.743110006885900 811.123438011097619
30 1561.685923593211328 814.296200483044231
31 1569.151866767160755 817.791185996034983
32 1576.834388516632316 821.346470367378060
33 1585.295220295646004 825.262008048053076
34 1594.184762486096361 829.306249470050375
35 1603.630207533240537 833.445370818814013
36 1613.546061565889659 837.911184968414204
37 1624.072829093156543 842.802470966730880
38 1634.833426837454681 847.747036762960988
39 1646.435026787750758 852.895927976614416
40 1658.321187585986763 858.474955587344994
41 1670.857174744755412 864.185558552758948
42 1683.894202988669122 870.144114305859944
43 1697.597693490402435 876.268210527021552
44 1711.773729716002435 882.735398253198014
45 1726.445264542291170 889.439199443395069
46 1741.814279670991709 896.576151504262612
47 1757.819325319381960 903.750213149122146
48 1774.285595882951384 911.302082958440906
49 1791.459418166210298 919.157326934251842
50 1809.468063196723278 927.316423445502210
51 1827.961398750250510 935.792902553278395
52 1847.197571521138798 944.443220682256083
53 1867.312340402553673 953.704365493157525
54 1888.073932231987101 963.167572043067025
12
0
43
1 1161.983023429018886 187.827830817507532
2 1162.549959242003297 186.836844234481703
3 1163.148423487169111 185.807594680070167
4 1163.757271513755995 184.743856619066065
5 1164.398540755236581 183.623766629799292
6 1165.154413912614928 182.294267461494314
7 1165.881838387847438 181.034825891973867
8 1166.614555880431908 179.759176201582989
9 1167.492095437329453 178.224992384472273
10 1168.312814713715625 176.788490516492885
11 1169.281302631251265 175.093155801973637
12 1170.211871340550260 173.474114581267855
13 1171.258500760707420 171.652821396007141
14 1172.383222563463960 169.705773016004571
15 1173.566666469635265 167.634866358073083
16 1174.898420545461931 165.302009058818669
17 1176.237555291508443 162.987598938889960
18 1177.613142019700035 160.579340597087281
19 1179.179393315391735 157.861036194960633
20 1180.810447676035665 155.013394338304636
21 1182.509630252718125 152.045480926158604
22 1184.295126972412163 148.928289475154287
23 1186.169435738359425 145.656698991844451
24 1188.242311345457210 142.038346925250210
25 1190.310236235022330 138.449498624526711
26 1192.550675161232903 134.529512975051261
27 1194.928862845852791 130.396747639472608
28 1197.484980503694032 125.920503988615536
29 1200.061189641824740 121.450187533855910
30 1202.857436377596741 116.599048593861113
31 1205.805415548879864 111.480373284654249
32 1208.924100832375188 106.072445209972813
33 1212.290092563614508 100.248722980607369
34 1215.824159284283041 94.114523791580922
35 1219.544030372391489 87.545313096841824
36 1223.374770030362697 80.786757464299740
37 1227.472655126469135 73.590397608093468
38 1231.844919380912643 66.028437442590104
39 1236.392836756235511 58.261639826712496
40 1241.113940485494368 50.034112081852001
41 1245.968701954490143 41.509021794527627
42 1251.071046841060252 32.598397787965951
43 1256.337920283804579 23.329596081041700
13
0
45
1 361.875809913414116 865.624026338327894
2 360.202556914630861 866.473124201955670
3 358.497447840677808 867.431939805250522
4 356.602780579847717 868.452258177838303
5 354.641914167548236 869.600331599342667
6 352.590352510202990 870.771568858110868
7 350.432838243757146 871.934447939977190
8 347.981102202389820 873.134458625377533
9 345.613552905164795 874.441888661824805
10 342.911436420843700 875.947028264622077
11 340.120710097070514 877.370263154002032
12 337.200957370019296 879.057181376270250
13 334.037454610708267 880.832520650803303
14 330.743029722678784 882.646536442057027
15 327.096735654478948 884.491410763881049
16 323.456601002993352 886.650712970520203
17 319.425789270583493 888.844725696888304
18 315.003490617188845 891.120709799798988
19 310.564011062055613 893.664637997509317
20 305.691617912479273 896.218590255653794
21 300.582546516712171 899.062151085951314
22 295.086984061751537 902.027165422974349
23 289.416645085751327 905.149339759839791
24 283.328549444363262 908.445745843720488
25 276.779114612147282 912.076872988158584
26 269.986912827731942 915.739492575774307
27 262.783548193584352 919.688670776776462
28 255.075833975630474 923.809863883784828
29 247.202585790336911 928.199455160457546
30 238.638311995518507 932.838563840501251
31 229.713056413904582 937.756642178219522
32 220.024284135524198 942.997943506677188
33 209.815444575461498 948.596239234842301
34 198.822953558766699 954.571825698617886
35 187.263293917664754 960.838714901247727
36 175.150407727410965 967.478932269078882
37 162.329200819167056 974.378866602846983
38 148.715349161563665 981.756337786348013
39 134.516856803003179 989.492274200095835
40 119.754414743946640 997.697843818823230
41 104.014645146179262 1006.209323608730074
42 87.840596710818730 1015.084149098798889
43 70.712907182870907 1024.369519981421945
44 52.895467190483330 1034.009946266695351
45 34.163103909925226 1044.287044065667033
14
0
28
1 173.764289188835392 959.666780776262158
2 171.490208051801289 960.835667838420477
3 169.180592369387853 962.071391487394294
4 166.599417171768778 963.518711104699946
5 164.105079936003449 964.825803227211850
6 161.317949308151185 966.383831872841142
7 158.398769382303385 967.843075120208709
8 155.342854611827931 969.557200397493830
9 152.119177923790176 971.300012911219483
10 148.537517042108419 973.036501685447774
11 144.814443367839402 974.992478246174642
12 140.934212836022255 977.147933561288937
13 136.711152815197153 979.461499291969744
14 132.355655492314384 981.750646303846111
15 127.552508243425507 984.382698505826625
16 122.518794251543738 986.942753726958586
17 117.217084295121751 989.823826571025620
18 111.453819188229929 992.861066115853419
19 105.374284777924217 996.150220672638966
20 98.862528698217332 999.642872629607837
21 92.083721946340901 1003.323343736753827
22 84.742186534904349 1007.108593808835167
23 76.963607433870351 1011.272233708313252
24 68.712964920047000 1015.762012717305083
25 59.987839876458338 1020.341659028642994
26 50.999724800003641 1025.313457631760912
27 41.087776366510880 1030.471630323798536
28 30.770504009398252 1035.848009508709765
15
0
37
1 1651.832340904550392 864.466782405464983
2 1653.833020943274960 865.320583992925776
3 1655.894186008811403 866.277951362528029
4 1658.035194762660012 867.295943861761316
5 1660.447123382200743 868.430585288661064
6 1662.781771757655633 869.586198899364376
7 1665.398429243120290 870.750931826999022
8 1667.958616136432511 871.965226895661203
9 1670.838648340019745 873.269421382145993
10 1673.862148054090540 874.770791191925014
11 1677.072998728087214 876.198965077954881
12 1680.611723499196387 877.859390350201124
13 1684.288953637684472 879.627277805329072
14 1688.061299938903176 881.455693832418660
15 1692.327210931488480 883.319688012966253
16 1696.686711979288475 885.442548381428651
17 1701.435969554173198 887.637636106064519
18 1706.416617154714459 889.922490742578702
19 1711.676990763800632 892.480001275322707
20 1717.315867488798858 895.028846907971456
21 1723.163221654666359 897.877172834707039
22 1729.637943433306191 900.857434997538121
23 1736.197133960560905 903.982041293798034
24 1743.296053324125069 907.236645771394933
25 1750.929277236778489 910.883001796269468
26 1758.890934504210236 914.447386983659044
27 1767.435868818581866 918.382308967183008
28 1776.149900463068207 922.535921250720207
29 1785.527675351657990 926.991352690004987
30 1795.606049804054464 931.743852852282771
31 1806.077378952797744 936.738764025697719
32 1817.494046818571405 941.995419114260358
33 1829.512969297833479 947.558522198635615
34 1842.261250282874244 953.701905282601615
35 1855.947474772950045 960.025780510645745
36 1870.258333960136042 966.772892474293030
37 1885.470953703107853 973.745662830970559
16
0
31
1 1358.734179766042644 967.470618757366310
2 1359.831296165496269 968.651243282604696
3 1360.981070740219366 969.903306240057304
4 1362.327204340218032 971.315336753201109
5 1363.628185142215216 972.645592517566229
6 1364.919680423126010 974.182972361665861
7 1366.485082197013526 975.674297984238819
8 1367.913187146695691 977.377156937940754
9 1369.631760925038634 979.110577997640576
10 1371.390566208705650 980.894369766403656
11 1373.096775363193728 982.864447309699699
12 1375.049474901963322 985.011302559722935
13 1377.171991354130341 987.303669356492605
14 1379.506034693197080 989.621712252422071
15 1381.794919477955546 992.224874674503667
16 1384.401648796844711 994.828449583264160
17 1386.953723238014618 997.708905967030091
18 1389.827610552931674 1000.750311059610908
19 1392.834846593919110 1004.032270199419600
20 1396.011742196358909 1007.507388962915456
21 1399.532197058269730 1011.160692369711796
22 1403.018098192062553 1014.960498779872978
23 1406.874819147494463 1019.073971867606019
24 1410.892132529615992 1023.501132701377060
25 1415.124003415432526 1027.985224703161293
26 1419.743268904905790 1032.846555190359140
27 1424.349714828556216 1037.928953215318415
28 1429.366251660028411 1043.226235256886866
29 1434.664042464828981 1048.989010122494619
30 1440.363283993741334 1054.925009543336273
31 1446.300235870242432 1061.257143280659648
17
0
60
1 717.924389906387432 651.133876341609493
2 717.230987171404990 651.439000559373994
3 716.520279948710709 651.774255174793211
4 715.764908461642449 652.124835138360481
5 715.002382583404597 652.478299817071047
6 714.162100593999639 652.869761216054599
7 713.295676000008143 653.255944870157009
8 712.378918231195485 653.679297141412462
9 711.401494442164903 654.134025886560153
10 710.345857857868054 654.610563407812265
11 709.227020898127762 655.111552224762136
12 708.053157507171704 655.663384205523357
13 706.792455444627876 656.234529875064936
14 705.462916688511200 656.862877155626734
15 704.032585006382874 657.527551892061069
16 702.517233482767210 658.217838668765353
17 700.913821413543019 658.955416348220638
18 699.196793113412127 659.739389849116833
19 697.396692165652780 660.557740930059026
20 695.461042207445189 661.451302300315774
21 693.446924491912569 662.385332061985991
22 691.277386840960617 663.378835064242935
23 689.009803450301206 664.425769674226672
24 686.610304147476313 665.522685983589099
25 684.049416474381815 666.669712427750028
26 681.374099480603945 667.922525454318588
27 678.563176142072848 669.224384729406097
28 675.597076126549609 670.583092698903670
29 672.464824455229291 672.020164206491131
30 669.179252610994467 673.526498821337327
31 665.691701522295830 675.132770056172603
32 661.971764756801576 676.832205881258460
33 658.011243793893300 678.643555711488375
34 653.849522970095109 680.567913086986664
35 649.419285939719430 682.577615204161589
36 644.783495204601763 684.693575358505541
37 639.932207717234860 686.930644552974513
38 634.810300801163521 689.235742409172417
39 629.519361686162256 691.669163578019379
40 623.998125117204154 694.164663609464469
41 618.293878904719691 696.784199108981625
42 612.430978181254886 699.468136854625527
43 606.308465226288831 702.265107754259247
44 599.932796107558943 705.162240690303179
45 593.284826685901066 708.182179014551593
46 586.409137065110826 711.317689639293917
47 579.320983054536896 714.588015826298829
48 572.096195870157999 717.961678920722989
49 564.764790792007261 721.423123781297249
50 557.044430351530309 724.963810466967402
51 549.037214438573415 728.606861601071387
52 540.941336652475229 732.334539892672410
53 532.721025904611565 735.989465048707984
54 524.101566970094154 739.930147928801944
55 515.392221816335905 744.040731867836939
56 506.383661403532869 748.193216479166381
57 497.126951119187481 752.425414404646631
58 487.765453069831437 756.636460400388614
59 478.166211206346873 761.123763170372513
60 468.160834631681212 765.711564883240385
18
0
21
1 957.000545532970023 67.219161599415401
2 956.998119026274253 65.937561058244370
3 956.993504543410381 64.597510432843194
4 956.985305148334305 63.043564183438548
5 956.978109941790308 61.583626575710355
6 956.971379282120438 59.928468274183075
7 956.955584734645186 58.145970457226397
8 956.942924134286272 56.318051345565394
9 956.924985812003342 54.424501350900215
10 956.902560342722154 52.355148582389532
11 956.871386416574637 50.180381556568619
12 956.850279998158385 47.930857753111553
13 956.809180584373507 45.391983178777870
14 956.773016805253974 42.858554226822747
15 956.728318468801149 40.019306165117953
16 956.676198312702354 37.040186907597032
17 956.627577364280683 33.912392801239321
18 956.581274249910166 30.591021584647429
19 956.539751650235416 26.973338400078720
20 956.501302618962995 23.151099915065057
21 956.478899385924933 19.145538652658338
19
0
37
1 1654.472243288179243 467.836596767123183
2 1656.460353237649542 467.669589063464912
3 1658.510605931274540 467.463093989506831
4 1660.661869736514518 467.132854206718491
5 1663.106636062584585 466.925865656940687
6 1665.422807752149538 466.731922559469751
7 1668.049662324709516 466.486297338820975
8 1670.594475589187368 466.104827644872842
9 1673.483110698866312 465.862414295866586
10 1676.500330919636099 465.592672133169970
11 1679.712776766357592 465.157635829294861
12 1683.292837730343308 464.855272317101424
13 1686.959055431244451 464.526321370872211
14 1690.712754636719183 464.035444172210987
15 1695.034855804146218 463.674889267707499
16 1699.390294679286171 463.130203157630604
17 1704.153054654834250 462.717351218872579
18 1709.125785172550422 462.127082327832056
19 1714.337915376428555 461.661164324787421
20 1719.940501348635962 461.009608763891322
21 1725.811063747867138 460.478617364619197
22 1732.263309929994648 459.766405726430150
23 1738.861647599164598 459.021282555999676
24 1745.975895606426320 458.387218101663962
25 1753.616662132057627 457.591320260731209
26 1761.464284140908376 456.727487322251477
27 1769.982789466182339 455.821144532895971
28 1778.645192303973545 454.876685749334399
29 1788.026612099631393 453.894292738725369
30 1798.011866825464722 452.868937795441525
31 1808.420740433057972 451.777471482358749
32 1819.734850179533396 450.631537242887589
33 1831.584390706899512 449.424458572477590
34 1844.339094614218538 448.197027536166331
35 1857.846579348115483 446.693426762214472
36 1871.984904337027956 445.333480365896833
37 1886.985103575771973 443.839664922744078
20
0
60
1 1361.513606749739893 668.542775815560390
2 1362.600638628177194 668.805817766239898
3 1363.732701813383528 669.274076682694613
4 1365.110673483659184 669.643202311831828
5 1366.411754118996441 669.948977828413376
6 1367.678149931128246 670.539166123457676
7 1369.278532077921454 670.874408350502449
8 1370.676691624333671 671.509792294657586
9 1372.412475018801842 671.881535564983210
10 1374.191627341822596 672.572610714170992
11 1375.863670793114352 673.006362315983779
12 1377.817943469734018 673.725406552786126
13 1379.940701432489050 674.487731729856478
14 1382.312190122398306 675.016014697304286
15 1384.573277919985685 675.810944477621888
16 1387.214797411525751 676.685193188845346
17 1389.726160017738948 677.586696352204285
18 1392.608101802829196 678.519400061818033
19 1395.612881746774292 679.484282491020508
20 1398.766862322474026 680.499781278806608
21 1402.313236075463465 681.559898735189904
22 1405.770824580132967 682.657499974171628
23 1409.616334973549328 683.809284969324608
24 1413.622494969042009 685.057917360717852
25 1417.831452026304987 686.550698072778346
26 1422.414914703467048 687.874685639404106
27 1427.020766854221847 689.502190238330741
28 1431.992765162654905 690.956276372763796
29 1437.243395347286878 692.718063164346177
30 1442.842758217655501 694.528998702873537
31 1448.713365130423426 696.295355292156501
32 1454.973775445059118 698.254951704822020
33 1461.524343188063767 700.467724588783199
34 1468.559295999048118 702.747006445637567
35 1475.835433632595141 705.059810679197426
36 1483.704368750804633 707.542385325682631
37 1491.950917851222357 710.203576763354818
38 1500.520039332375973 713.024752051150926
39 1509.523405332189668 715.793401869369518
40 1518.836817986483084 718.781324717782013
41 1528.624479258090560 721.892703530385575
42 1538.712994268566263 725.104813941523389
43 1549.303929491918097 728.588568687226712
44 1560.360519527504266 732.028475420872383
45 1571.649302449416609 735.630457646899458
46 1583.474049644047682 739.451611777133849
47 1595.614117885449332 743.414531142103669
48 1608.254280664549469 747.293479791581944
49 1621.242443195942769 751.466286347255732
50 1634.602430430644745 755.747908267347270
51 1648.587781270433425 760.198884540756239
52 1662.919288690759231 764.756221343533980
53 1677.648285361678063 769.659066165499780
54 1692.992921683187888 774.402104905344004
55 1708.755843898031799 779.460609071566296
56 1724.992681531939979 784.680931460827651
57 1741.658748360569462 790.057801303175438
58 1759.048807552768039 795.485872761504197
59 1776.955404896745677 801.257975370522445
60 1795.355976305683953 807.194215682491745
21
0
30
1 858.411956674733460 969.962440015824313
2 858.190380883170178 971.145125923275032
3 857.808419139876491 972.365507507934467
4 857.494143510449021 973.815714311731426
5 857.231063054574520 975.139613466434298
6 856.842914138939477 976.692678234616778
7 856.451175758230306 978.154484308387964
8 856.151777738296573 979.892558970185632
9 855.619365402052949 981.646370341024635
10 855.266870032032330 983.391627474533834
11 854.708551439491316 985.361069375200145
12 854.291386456010514 987.516479792653627
13 853.681165025378846 989.821592954185576
14 853.220135627163017 992.135448720503973
15 852.529742084880354 994.763257105827279
16 852.003112436954098 997.334692070283381
17 851.283592496538404 1000.214700417714653
18 850.496633401269605 1003.255368640416009
19 849.712263463229306 1006.514511091326767
20 849.034849353992058 1010.002819155821726
21 848.166233366687493 1013.667609563926021
22 847.234294614448686 1017.395819374824669
23 846.267322229716910 1021.465693888126339
24 845.250886159426386 1025.903741358256639
25 844.186702381643954 1030.351448046631504
26 843.082265128949075 1035.200045685035093
27 841.860933612271765 1040.258217630888794
28 840.506956409253803 1045.530380693763618
29 839.245277910331993 1051.240001086384382
30 837.906070301966679 1057.148803722053344
22
0
43
1 551.676812232978591 189.715033209983659
2 550.513422078761323 188.723159938296561
3 549.305615491608592 187.688279444532583
4 548.067037899654679 186.617470056812635
5 546.751909275915636 185.494770290589997
6 545.244001768258840 184.193685589287554
7 543.749096660976193 182.921745810229254
8 542.260754550095953 181.637629156071341
9 540.497998395146396 180.120241127576804
10 538.821836545484757 178.677395791414568
11 536.835517492228973 176.969874518640978
12 534.949536613871487 175.357370813395846
13 532.833131064060353 173.536219569019465
14 530.542735143507457 171.583883989051287
15 528.133394865191235 169.513951932911738
16 525.453097173725041 167.205479732125127
17 522.725382752678343 164.868862359945581
18 519.935052330911958 162.469602969879475
19 516.770779980993211 159.754379066002087
20 513.440537880145371 156.903083883731313
21 509.968760577251317 153.933580846808042
22 506.307667586610478 150.795463814747706
23 502.479160534240975 147.511934067746978
24 498.240911595677915 143.871462398146747
25 493.960674608293914 140.215926492180927
26 489.346984624014510 136.266277963794835
27 484.477602981719201 132.090323084218994
28 479.245622970836735 127.585266401453168
29 474.007014808537065 123.080673562427123
30 468.329725337298498 118.195380131273396
31 462.345228139579376 113.043099804639724
32 455.987067435718188 107.582380446690792
33 449.106495751245745 101.670132161803252
34 441.809554216855531 95.438776121725681
35 433.989705282401246 88.765004700313170
36 426.037506612507741 81.929851869231442
37 417.631858295649806 74.604436228303697
38 408.448532618633578 66.867959710634167
39 399.279848382404623 58.918486995349085
40 389.446796446095050 50.512420810870786
41 379.313964184377880 41.802315342680295
42 368.558138995782087 32.585618994132162
43 357.341467870417489 22.990450588702060
23
0
60
1 819.475948618739267 366.753970087894174
2 819.092985273527006 366.261314216948392
3 818.675583632838084 365.760320953366715
4 818.255387743399297 365.223590951015524
5 817.796194693790085 364.671406072014577
6 817.314989803096068 364.075413605330596
7 816.810307103154287 363.449045644139119
8 816.282876732086493 362.789355361725995
9 815.697656852781961 362.092673801913861
10 815.093075179702396 361.339282655867635
11 814.465141610900332 360.556431281138998
12 813.774520771336256 359.706299004880577
13 813.038156853094279 358.810359287897882
14 812.272714255293181 357.865602321050062
15 811.457090781160787 356.849644554579072
16 810.580374537783200 355.774089586743457
17 809.653556735369648 354.636315115201285
18 808.665489368850785 353.414553044250567
19 807.618076769407253 352.114838642134714
20 806.505941263413092 350.755648230718009
21 805.332909566622220 349.290367048025757
22 804.096602588623000 347.775022700464149
23 802.772401866365954 346.149588065274088
24 801.382937547548522 344.420766467199940
25 799.914400250037147 342.624751068561523
26 798.365250043816218 340.711691845959933
27 796.733504152184423 338.704595078274224
28 795.024546700841711 336.598823409336319
29 793.213502651870613 334.369215827891139
30 791.324624629261280 332.034600305689025
31 789.319095025671572 329.546455230733443
32 787.180562203578575 326.906089720546163
33 784.912161800443187 324.104199320664065
34 782.502828965226286 321.135469894630205
35 779.963151178375824 318.009222721160370
36 777.305659382707290 314.733471341868892
37 774.519777561365004 311.270302313665638
38 771.615862570820354 307.675001605283057
39 768.570211358647612 303.928084206436893
40 765.406392969136618 300.035985293100907
41 762.133425767440144 295.987912521745102
42 758.731348047927668 291.793377800439771
43 755.234513416893492 287.463332998401881
44 751.588869505321213 282.974409918924209
45 747.823116679608347 278.307873244880568
46 743.906453847628541 273.478663577157704
47 739.865977301439216 268.468704658427896
48 735.674928380124697 263.288868370907153
49 731.371255701010000 257.974949877033282
50 726.921609677699507 252.509305691564037
51 722.346202999371826 246.946485538056749
52 717.676176752699121 241.289022798464231
53 713.010608666915459 235.498635493830619
54 708.252010672112192 229.465194034458278
55 703.284476837509374 223.249309899875641
56 698.086755985072728 216.926695003878848
57 692.758407358568320 210.523874077344033
58 687.476749812421872 203.937213825021189
59 682.102311427678046 197.127091343341704
60 676.455424925725879 190.283215173899947
24
0
60
1 956.469846996280467 716.044873730138875
2 956.448002807402872 716.563374480473385
3 956.440107900296994 717.050462175975895
4 956.418069821962604 717.622574865278921
5 956.408188274380677 718.191259083273280
6 956.395042846237857 718.793275231365897
7 956.382827297894892 719.415429421778185
8 956.383068938443103 720.069496968019507
9 956.365761943694793 720.800429220502110
10 956.336158276697915 721.560774885446222
11 956.316437189049566 722.374367037824982
12 956.312854746290554 723.210504668984299
13 956.285252068503610 724.127468702434726
14 956.282532722346218 725.085557053021489
15 956.245956415556293 726.126568192745822
16 956.232560311657835 727.204706544495025
17 956.202506020574219 728.367699073113613
18 956.179658050238913 729.600046304118791
19 956.145317272246871 730.936846339592194
20 956.115011527773277 732.332073355942839
21 956.085647308324155 733.786916482338938
22 956.047467665075601 735.356621943649543
23 956.026963880042786 736.981405810102160
24 955.979975324053498 738.746767601209399
25 955.948218053482037 740.570203848149276
26 955.893763052713439 742.521203044782169
27 955.860521176988527 744.538139308711152
28 955.785586774322155 746.702838114285669
29 955.748498009743798 748.936614333109446
30 955.701563144568354 751.327122392477690
31 955.636578536276261 753.831774962418763
32 955.596817839094456 756.507534124882682
33 955.537724952327267 759.342098995925880
34 955.476221943044948 762.330401527252434
35 955.399639490593472 765.516595282383605
36 955.333179677950056 768.867316878671886
37 955.264758268434093 772.333603252409944
38 955.198659166038738 775.993292304495526
39 955.103416308216765 779.785892496034307
40 955.035146244083194 783.724381151939724
41 954.935732760575092 787.859458365243768
42 954.833756044242364 792.084044192734837
43 954.734498871590517 796.483569894504171
44 954.632393105939514 801.035790689335158
45 954.535158004667892 805.749959595878295
46 954.423000936784433 810.620911132846459
47 954.326351492873414 815.654287509897358
48 954.230508633184627 820.824813796828266
49 954.111555645309750 826.196387538197428
50 953.991276640863930 831.699770409623966
51 953.877708440072524 837.333409459580935
52 953.748338724804285 843.137417786810374
53 953.628127711628281 849.065688956570170
54 953.485111220133035 855.114408882430098
55 953.361692099496054 861.186406501286342
56 953.257790813951033 867.435545159192202
57 953.110951068709028 873.925584294463647
58 952.991451634090481 880.576891349890275
59 952.838272579498721 887.394916261094522
60 952.655272485410819 894.268991323554474
25
0
60
1 1119.424572887435488 514.005766106066744
2 1119.854086300148992 513.941092998477643
3 1120.351524256474931 513.859158169566513
4 1120.817722829780905 513.782332537648017
5 1121.349747874287914 513.699359270129662
6 1121.898723856801553 513.614190773045266
7 1122.480511315019385 513.526681457586619
8 1123.073619253847255 513.421330733422792
9 1123.707292189832970 513.321240026637383
10 1124.416509386035841 513.197660448979377
11 1125.131994492584681 513.093611221019955
12 1125.903760074196498 512.959213356204032
13 1126.743446341581603 512.827569571007871
14 1127.597615145933332 512.678976270730118
15 1128.533714624433514 512.540597581312795
16 1129.519945556129187 512.371990386374137
17 1130.602580398518057 512.193834450252780
18 1131.702103207157506 512.016704318872371
19 1132.915446879812180 511.813316810677350
20 1134.153412281322289 511.625112385762748
21 1135.492510400598121 511.399304198282834
22 1136.889550506367186 511.161319911534918
23 1138.412098077787505 510.923662283338729
24 1139.966827038248084 510.685538390549880
25 1141.654484437348628 510.408681452338556
26 1143.408921554260587 510.110763524603556
27 1145.226071593320285 509.820789378579946
28 1147.164641896105422 509.500937596825622
29 1149.219964796905742 509.157809346169302
30 1151.366415507987313 508.833909625103558
31 1153.647191549851186 508.450964759889189
32 1156.062312040161260 508.056728440567667
33 1158.622869541388354 507.642998655989004
34 1161.343424636819691 507.202748673847111
35 1164.215575817085892 506.729166132587181
36 1167.242041117646522 506.233674875655765
37 1170.396190776810499 505.736873252700718
38 1173.698933389446893 505.196503857734399
39 1177.146596281509346 504.633727424573976
40 1180.697514461365927 504.055498304463072
41 1184.414850404465824 503.460358527155336
42 1188.261114901619294 502.834621028323056
43 1192.253607052555935 502.179489612955592
44 1196.391359159548301 501.517696039081613
45 1200.653264014625847 500.828033066522039
46 1205.021794318756974 500.117918279535104
47 1209.584260577587429 499.379857461463018
48 1214.233550305747258 498.632603996700709
49 1219.068741147487799 497.859076370540379
50 1224.028952024196997 497.057050138839656
51 1229.133101673612146 496.255642178288497
52 1234.376633090013911 495.420845984901860
53 1239.747641934116245 494.565037527249729
54 1245.208968701828780 493.685923856241970
55 1250.841711607433581 492.772050867538212
56 1256.521679301318272 491.836061177771910
57 1262.273680754683710 490.873796081800833
58 1268.148188392278371 489.910699259206808
59 1274.250827620958717 488.958493790561135
60 1280.495397848197172 487.978790241985564
26
0
60
1 1093.956925906531978 306.423290623451294
2 1094.269604306566634 305.871845728217522
3 1094.697502523099956 305.132675811918830
4 1095.130717788090351 304.365099291219735
5 1095.567149639181935 303.606719010247843
6 1095.961176307714595 302.922884578544426
7 1096.465062820881940 302.049993313973346
8 1096.984430521817558 301.138291659397169
9 1097.543578973038393 300.179407955827060
10 1098.113168853853267 299.177964905248700
11 1098.720396552378133 298.129455478582827
12 1099.357555111101192 297.026822145244751
13 1100.045213998097779 295.809767016623141
14 1100.842548419768264 294.417864110794994
15 1101.593689964629903 293.117072612330730
16 1102.475595921587910 291.583639665955843
17 1103.324946311582380 290.101992237428703
18 1104.302095022121421 288.394657940383013
19 1105.261714578988631 286.726104383070151
20 1106.302413580030134 284.913669288357028
21 1107.416656652213760 282.958424506059146
22 1108.614342206378296 280.882991064642056
23 1109.940105490258020 278.568855655996458
24 1111.249396671583554 276.279742240905989
25 1112.622127736999573 273.906649649150268
26 1114.140849414223112 271.243192729141697
27 1115.715475164965483 268.503931522612618
28 1117.298386612660579 265.765935464061954
29 1119.016292149911578 262.756687971560154
30 1120.894622388678727 259.473795625875255
31 1122.792253887561174 256.154018920020121
32 1124.800074363952035 252.663823871283086
33 1126.985998247013413 248.847255627808636
34 1129.286512566767897 244.829018440080631
35 1131.708293353039608 240.599999083065484
36 1134.329090011984363 236.024561164661094
37 1136.942502650405231 231.458950504275293
38 1139.747564943188308 226.549353878577222
39 1142.663614833021029 221.453773229491276
40 1145.758085662178019 216.049451677679514
41 1148.930354532886895 210.546519995416503
42 1152.238425658878896 204.774478399116788
43 1155.547749540395898 198.992453003733317
44 1159.098743067220084 192.751907945275718
45 1162.765191818232552 186.332147099515794
46 1166.489246029662354 179.803366550137667
47 1170.446461752029563 172.924371781491885
48 1174.526304086264190 165.909045151959447
49 1178.660542632044780 158.818526808956591
50 1182.956391320323974 151.368553027321298
51 1187.281098670075608 143.757235112847297
52 1191.712354711293756 135.856367777171783
53 1196.210541258452849 128.030197790241346
54 1201.083160408980120 119.668614358504314
55 1205.928196183398313 111.327020371465139
56 1210.844751763033855 102.604371107304885
57 1215.931714863766729 93.629889463933878
58 1221.262845962867686 84.603216587494018
59 1226.503018002875251 75.329344081824019
60 1232.042017593546234 65.628096108795887
27
0
60
1 554.499126675698790 307.791303677502810
2 553.634058800252774 307.298944322573732
3 552.314687926132024 306.545369361793234
4 550.920193192408988 305.741388834333634
5 549.603004906467618 304.979367312380248
6 548.472392997963993 304.338642396425655
7 546.947303809547520 303.465655273970754
8 545.335029086535769 302.548152705391260
9 543.647805743153299 301.582949103372755
10 541.899999791786286 300.582310925985155
11 540.071664256862391 299.532030514193536
12 538.155299038904900 298.430502327072645
13 536.071082020285075 297.240386135615893
14 533.562197404017752 295.800660964940050
15 531.340190899420691 294.523369658373895
16 528.617252385288339 292.965464398344579
17 526.091846459165822 291.517400252009111
18 523.045235240343345 289.763334762001705
19 520.223641364267905 288.136380391654541
20 517.054427428855092 286.323513983535690
21 513.617374075567795 284.357661390573753
22 510.028138749222876 282.305693974709072
23 505.903037597218542 279.945623574816295
24 501.922771917239970 277.653669044645198
25 497.886685536255470 275.333689862889173
26 493.184624088135763 272.631251756386234
27 488.370240942000635 269.863394999926072
28 483.669466134981462 267.171036645647121
29 478.385426702253369 264.156689253554305
30 472.576265237951588 260.821971151329137
31 466.703731167956391 257.452506280939474
32 460.497136345083504 253.885797364802954
33 453.747506864433603 250.011703365858182
34 446.563698958353314 245.899741630639937
35 438.954536140726759 241.563697682623769
36 430.773702603084075 236.892789698321110
37 422.728923246237741 232.233933223616276
38 414.177345440016666 227.340978134448449
39 404.822346627704974 222.080629624031957
40 395.260952629747408 216.486449071882532
41 385.282568609347720 210.776383286615186
42 374.833642360345209 204.832523585677819
43 364.161188119927829 198.771173355174085
44 353.143150876145398 192.304428176963086
45 341.139952964914585 185.601301686756386
46 329.460234260220147 178.755623858395325
47 316.602702573800798 171.524216798206027
48 303.978466227506829 164.140149295428841
49 290.390517527595193 156.449554911318359
50 276.380271264477187 148.465505429421825
51 262.170211341855975 140.292764097341944
52 247.253490533746486 131.736311158884746
53 232.100236216500377 123.053245516678018
54 216.313566798025278 113.977419808248072
55 200.021186932675874 104.659757547988946
56 182.899239655670613 94.847776260695071
57 165.213559336440284 84.714813139169792
58 147.212776817435383 74.387595844113974
59 128.177865041171913 63.490549905106434
60 108.503309290636253 52.217723292670087
