23
01
0
60
1 958.465634513108057 577.506692836512343
2 958.466006157386573 577.542959055921074
3 958.463095941166557 577.581872415256385
4 958.461094793694656 577.627549775268903
5 958.457215840709409 577.676867012971798
6 958.461962139914817 577.739810837409095
7 958.457532693305780 577.827123528580387
8 958.456072985220430 578.060890839608987
9 958.449909671979640 578.155555541241711
10 958.446533719596118 578.235794050411982
11 958.444550590685253 578.303438761648295
12 958.440805009601490 578.374847823517371
13 958.436540625506836 578.453719460571506
14 958.438990730107662 578.534411458413729
15 958.434228965030798 578.629734548565466
16 958.436020556314134 578.757776975252909
17 958.425743442750672 579.079101258619062
18 958.421303204350238 579.233226001412163
19 958.420148370907327 579.354410461544262
20 958.412774131587184 579.468089531834949
21 958.417829734048269 579.601253035041054
22 958.401229662800006 579.784826127835117
23 958.399716212834164 580.173431656390449
24 958.394133378196102 580.335518554163741
25 958.390150506359760 580.495141799207772
26 958.385035476368444 580.673450182168267
27 958.367553317032389 581.110172834902755
28 958.368336812184225 581.330149052902129
29 958.361538301872997 581.511676989412422
30 958.360343753912503 581.754611556112195
31 958.339496159920941 582.233268076978561
32 958.336142389561815 582.457203766081420
33 958.333674808688556 582.707386928033884
34 958.317234746701843 583.246364146328574
35 958.309204923570974 583.494322995467655
36 958.301251736901349 583.830997063225141
37 958.282598080304410 584.351426423364501
38 958.278723522639893 584.625804462918609
39 958.268525764832361 585.222996285769455
40 958.253945721542664 585.527748546409157
41 958.241805296664324 586.105333607897478
42 958.229560155437071 586.462202916591423
43 958.215270472868951 586.929090041620611
44 958.206504368546121 587.423789515886710
45 958.191719466991117 587.813088151385159
46 958.173613322189340 588.405735632565779
47 958.162515065973935 588.797209371283316
48 958.136167035361836 589.407548270602661
49 958.123881830777805 589.812966024685579
50 958.102733775351794 590.423099335709821
51 958.082399196244978 590.899716254122382
52 958.065148936606988 591.453973600510608
53 958.034643930947027 592.056083813253736
54 958.007196897205290 592.488853749114696
55 957.962851420960078 593.133550908222219
56 957.886582704268676 593.534201734173962
57 957.812849450702060 594.208309532429553
58 957.780531156781421 594.586273759928531
59 957.749381442136269 595.272532645879551
60 957.723864971042758 595.652813626678494
02
0
60
1 822.039077650968238 714.011612641016995
2 821.833120337778041 714.204413504957529
3 821.667407737406279 714.404619782398868
4 821.503412970010913 714.662416063646901
5 821.315767935491522 715.035711598956823
6 820.964314918550713 715.289317617986626
7 820.713391637486325 715.577941915195652
8 820.488208812409084 716.038410162687342
9 820.217369181322169 716.351081349636502
10 819.786774175353798 716.843994661515808
11 819.492837092655009 717.242728093231221
12 819.125997643638584 717.687731527069673
13 818.663506383343929 718.241837508245794
14 818.299460500651890 718.850245823953401
15 817.738703789835427 719.357037092972178
16 817.320284391270320 720.076991155066594
17 816.706084444873454 720.655590393436796
18 816.214719657638511 721.385144646149342
19 815.561985873150434 722.211697379803581
20 814.849326876863643 723.068831757363341
21 814.277471269878674 723.932384500857779
22 813.522603762250924 724.789290829768447
23 812.703170552320785 725.691647153759163
24 811.868389904638661 726.725629650533733
25 811.128163653980891 727.876624086478046
26 810.265242841829604 729.020659261674837
27 809.327976352626933 730.180431793196021
28 808.345757538231396 731.367878284669928
29 807.325234402701540 732.603563209615913
30 806.265296306363894 734.063798360756664
31 805.139727368764738 735.410755594022930
32 803.827645594382830 736.970765668589024
33 802.598505334562788 738.466140881189062
34 801.363128426141998 740.202011845578113
35 799.996391978764450 741.828116209954260
36 798.520810894603187 743.606849353270036
37 797.139684556472957 745.506519345819243
38 795.518891604549594 747.456712526498109
39 794.052369749529589 749.453588358667844
40 792.382803074313756 751.496319099290758
41 790.635227788587031 753.557434788421006
42 789.132998982155755 755.640280014246628
43 787.341257138279843 757.787647560449955
44 785.501928234787670 760.070638503388864
45 783.689568172184408 762.439811419822263
46 781.980164040070122 764.697719113947187
47 780.093159078658687 766.978089817170030
48 778.167383632639599 769.492468368535356
49 776.226845291605173 771.854755726885060
50 774.270902440788404 774.236693570552916
51 772.290432519247929 776.825582787166468
52 770.300479038908293 779.223069725246319
53 768.311662629488751 781.856866604794959
54 766.342650238782539 784.297438257513591
55 764.386140660128035 786.937049443137994
56 762.365622626792970 789.412400180108875
57 760.320484908371554 792.050928221930803
58 758.271970529827740 794.562930322595435
59 756.223201240493154 797.244358997449808
60 754.183189423335534 799.773904562724852
03
0
60
1 822.490506489443192 849.355328294898527
2 822.307044981182571 849.875197720956294
3 822.146042159923240 850.242128016758215
4 821.985617725947577 850.817182938698238
5 821.782467329331553 851.239900947123601
6 821.418206335684658 851.877916968620639
7 821.179944835338802 852.364329953164429
8 820.960365517183391 853.084099784523346
9 820.677790860106143 853.830843618363019
10 820.238484063190867 854.449283323085183
11 819.945607949050668 855.275811243412022
12 819.533753190960624 856.172518085394017
13 819.113109634684520 857.119891341449261
14 818.750468169800797 858.116284307352657
15 818.175494642204512 859.163745662175529
16 817.767051413463037 860.279599993543229
17 817.129085985340339 861.477632063197234
18 816.655556411323005 862.891995073307044
19 815.973466965727766 864.210613153084523
20 815.265362657693800 865.617613258374945
21 814.704532804434734 867.240109655338756
22 813.925109995610796 868.925595342223914
23 813.092474626728517 870.537715064823260
24 812.252681257723566 872.390394596121723
25 811.522091562304468 874.338827955701731
26 810.650509732592468 876.357114725915039
27 809.701798119749128 878.457808156726742
28 808.710256348627126 880.636766835125513
29 807.679803794323107 883.065741762459652
30 806.609392145594029 885.461685891708157
31 805.476635542224813 887.919190686255888
32 804.147607474483266 890.650875594703507
33 802.907884919594949 893.541268481605016
34 801.642608479428873 896.541774704809313
35 800.256198456752827 899.657803976462105
36 798.745517898947242 902.875572815812916
37 797.345572003837333 906.199229219358926
38 795.693999510267872 909.804708887247216
39 794.194093799701477 913.329497812234194
40 792.493189959277402 917.126039291241796
41 790.712583743198593 920.846216426009278
42 789.192283617006865 924.687920107285436
43 787.357647707084197 928.712914615977525
44 785.485775172085823 932.822578285092391
45 783.633884508933761 937.008280636652557
46 781.861400443692901 941.264832695899713
47 779.914720685136444 945.556362963962101
48 777.922912745811914 949.829330347930977
49 775.904072000881911 954.409458810832007
50 773.865537315839106 958.922456194764777
51 771.811654454282689 963.457604208355406
52 769.745441258081541 967.918938143247374
53 767.788495195405631 972.712621619159904
54 765.744787477899990 977.395048188114856
55 763.694692244668545 982.202802802388874
56 761.557730515566277 986.880786351766801
57 759.376607912324289 991.735887350383337
58 757.221961687510202 996.545161317128304
59 755.161587431179100 1001.399853727345317
60 752.997775292075630 1006.397557346774875
04
0
60
1 1230.131519866520875 848.642159310915758
2 1230.623123532810041 849.174318120455041
3 1230.936464556170449 849.531879915166769
4 1231.415695520821146 850.116540219020294
5 1231.846084370891731 850.530716624528850
6 1232.260780380245933 851.182370873405944
7 1232.854714353316240 851.665712278492151
8 1233.448602916172831 852.389434757553431
9 1233.984351253824343 853.134921562261866
10 1234.727710366738847 853.760519894727850
11 1235.343166878865759 854.594976374678595
12 1236.097004089314169 855.500044730354148
13 1236.943869159491669 856.452585479847471
14 1237.851464333094782 857.452627865602039
15 1238.801492416858309 858.509671115354422
16 1239.804542101664538 859.625426530255027
17 1240.864022210442727 860.834553468031004
18 1241.969460019096232 862.258347849110351
19 1243.133539345040163 863.589251391396260
20 1244.395292602065638 865.002165296753446
21 1245.871382454121658 866.622867498820483
22 1247.220709082401754 868.312751077462849
23 1248.847280581382620 869.921004872999788
24 1250.344404407327374 871.786544594013094
25 1252.107170000386986 873.739271895710431
26 1253.923113269954001 875.769094140016705
27 1255.666771971792059 877.885549569439604
28 1257.606606074795081 880.083668025440147
29 1259.648341603744711 882.536186819639511
30 1261.810779359090247 884.957246129761302
31 1264.190444356597709 887.451049266379300
32 1266.528384678504835 890.239240276546184
33 1268.951183864296127 893.163988048900933
34 1271.667218659373020 896.187540133858761
35 1274.477638106354789 899.320864221709485
36 1277.206200649821767 902.559447578468962
37 1280.193103564516377 905.905644716463826
38 1283.290009467509890 909.567125990883369
39 1286.491132049929320 913.127670857055136
40 1289.791067821249044 916.994932047484326
41 1293.305713824064924 920.760594243902119
42 1296.685979146663612 924.652122482673235
43 1300.144716132949725 928.762423003645495
44 1303.912740020516367 932.974619518396935
45 1307.554435771049839 937.262639360005096
46 1311.453918753285961 941.539806868341088
47 1315.088212437762877 945.874882905885215
48 1319.124451285644682 950.388231786361530
49 1323.220604004738789 955.099345150124577
50 1327.047540345718971 959.605908791110437
51 1331.190012912429438 964.294980129157807
52 1335.454474469330307 968.879567222453829
53 1339.601109141135112 973.874733780206043
54 1343.902653808126388 978.602073701986228
55 1348.116263029904530 983.639105792578448
56 1352.385825037573568 988.509307888776561
57 1356.825660689772803 993.524786536648776
58 1361.189190862220585 998.545247866121144
59 1365.710312245375917 1003.651046942975199
60 1370.193810899339496 1008.831463018506611
05
0
60
1 1365.145759542695259 712.906798397200305
2 1365.735353152001153 713.096691716214309
3 1366.269347173469896 713.288672986308370
4 1366.985738852687746 713.543014854151920
5 1367.542923410571120 713.954666708390164
6 1368.317094705098270 714.196005683725843
7 1369.156831799552947 714.470942523768372
8 1370.032110317519027 714.965694198169786
9 1370.954979741442457 715.267493105613426
10 1371.932433920769881 715.774813296019943
11 1373.000703641742348 716.179870753729460
12 1374.138074875180791 716.618884744707998
13 1375.309039611494654 717.192284134858710
14 1376.555452196617352 717.807578740029840
15 1378.108632059068896 718.317869914877406
16 1379.515838797010474 719.051406707063620
17 1381.223475750951138 719.624630345004448
18 1382.824129600985088 720.381821878542382
19 1384.647383442059663 721.210253323340339
20 1386.597784062159917 722.069042159600485
21 1388.628970746527784 722.948797807766937
22 1390.781937208223326 723.815043094023963
23 1393.166608985686025 724.718453020386391
24 1395.571735632120635 725.753922087855017
25 1398.024848679637444 726.935139671400634
26 1400.770930675052341 728.106060076729364
27 1403.641473663267107 729.275547539143076
28 1406.593496122905435 730.466391059732359
29 1409.682785448219420 731.740887547137504
30 1412.922120980718773 733.262318418230052
31 1416.257964975150571 734.630658224041667
32 1419.803452937929023 736.225470199853362
33 1423.588542641678487 737.760336979700810
34 1427.598739559917021 739.541310544348221
35 1431.787202861126161 741.221679704185703
36 1436.112438939032700 743.067468721398996
37 1440.613267885255254 745.029512802012732
38 1445.337509549815195 747.055013818089151
39 1450.165914132707940 749.133429945530679
40 1455.061501239406425 751.267399053903887
41 1460.243090818051996 753.438100938005732
42 1465.456159709438225 755.590533836255759
43 1470.839700593155612 757.847906722525522
44 1476.344832598177845 760.253023385531833
45 1481.993304578903235 762.748604675363026
46 1487.785758595403649 765.168321118720996
47 1493.544030413925384 767.622681486707052
48 1499.602535151588654 770.229114285324044
49 1505.551233903218872 772.720121540971832
50 1511.795668172381056 775.309699576271214
51 1517.924212607846130 778.137397729912664
52 1524.306555463659606 780.653495238313212
53 1530.717651746808997 783.468943603441744
54 1537.220062659004952 786.231388686229479
55 1543.744747773828522 789.163592627286789
56 1550.355190786963931 791.782307939458406
57 1557.069321578139579 794.807946965927499
58 1563.839066832928438 797.537438272620989
59 1570.681436942761820 800.532201893891624
60 1577.596787710084755 803.469087054832698
06
0
60
1 1213.433609128085664 498.420560977984223
2 1213.504795344210834 498.419934389055982
3 1213.591049367244068 498.406828878801434
4 1213.689015702794222 498.399183329646689
5 1213.819336536105993 498.386904625707359
6 1213.973351901661999 498.367271703228937
7 1214.163532744925988 498.335885484370749
8 1214.367635750129693 498.313447382043989
9 1214.612564475904946 498.278718155564604
10 1214.881834494851319 498.236605105287367
11 1215.191971272989576 498.199567946670811
12 1215.543387871000050 498.135204897303822
13 1215.909742601691050 498.079020680286305
14 1216.336188828821378 498.017966962604248
15 1216.791857867863428 497.945140729858508
16 1217.296850712270498 497.863726843843153
17 1217.828959512821939 497.792327729117744
18 1218.417824236100614 497.712654902235045
19 1219.045662630829838 497.618545840527190
20 1219.724834407576736 497.516712912864591
21 1220.440197067201780 497.406797170474590
22 1221.203065380515682 497.279902644789331
23 1222.032724674457086 497.146584856829008
24 1222.879504911348249 497.012093937108546
25 1223.793450549540466 496.877748811012395
26 1224.764363422175620 496.722468890039238
27 1225.757446787926483 496.570203572882917
28 1226.807070158116176 496.405974801682078
29 1227.904364304173441 496.243357089465349
30 1229.073692185306527 496.062303174976876
31 1230.264620842234535 495.858219359576196
32 1231.550410733350645 495.672453410703497
33 1232.884504554956493 495.467903902178080
34 1234.285308461336172 495.243460771462765
35 1235.732741102883892 495.019152969706738
36 1237.230196002620232 494.788641465192654
37 1238.766558163954187 494.549792829875685
38 1240.353690825444573 494.314799819851544
39 1241.962408662961252 494.030306763021713
40 1243.611731899972483 493.788281775870928
41 1245.285261401761318 493.531665100439398
42 1246.952183608825862 493.250140609316702
43 1248.671541741115107 492.976684777591345
44 1250.428116181539508 492.709379954837004
45 1252.204702872656981 492.430554434616795
46 1254.000789621762124 492.129727158703133
47 1255.859686536613253 491.848073081691155
48 1257.715022035704578 491.568329449047781
49 1259.622917661528845 491.291927851115531
50 1261.525263033407327 491.002447053173228
51 1263.424211141503065 490.715291028049251
52 1265.322015272719909 490.409570111003632
53 1267.225529118788700 490.094777612181986
54 1269.103455169108884 489.799579463030625
55 1270.945871167931273 489.478777368989597
56 1272.769776929958653 489.159003139315132
57 1274.593016273259536 488.881528841635429
58 1276.455632550818109 488.593996027395235
59 1278.343032103821997 488.313245956273079
60 1280.215635324098002 488.031084629198858
07
0
60
1 585.526723795517114 712.082228033575916
2 585.293222576212656 712.214882706222738
3 585.125335640453613 712.290211270081727
4 584.822874168844578 712.433120315680867
5 584.560035144979679 712.540797945268878
6 584.258554862895153 712.683675891114035
7 583.870361642671810 712.855624399512294
8 583.458402257715306 713.042847555505432
9 582.998013218954725 713.259321485635610
10 582.480171184215465 713.480689892175064
11 581.912681246197394 713.736890676138842
12 581.284215592778310 714.022000643675824
13 580.613010753938852 714.324953908355837
14 579.867039717515581 714.654372900726457
15 579.076145109358436 715.015921333982192
16 578.197015752053289 715.418575309447874
17 577.270931600790959 715.830446670409515
18 576.282961661695481 716.261932853046346
19 575.212364783322414 716.749111289909592
20 574.064242652948792 717.236437701907676
21 572.875076779596611 717.780279922901741
22 571.602112072672185 718.355826407125392
23 570.230486050932086 718.964102439733892
24 568.807606180672337 719.623278107026522
25 567.300051516135909 720.296578315350189
26 565.705147509350581 721.038169299328729
27 563.997833497245551 721.811179731305856
28 562.217076440854044 722.616506151276212
29 560.328910267029187 723.479133938889390
30 558.371705861731925 724.380894330237652
31 556.296755606955912 725.338949008751683
32 554.085426233666453 726.332743821394388
33 551.784834425765553 727.378833106814000
34 549.404388176287398 728.470766689887455
35 546.986699685756889 729.599208021338882
36 544.518266847926725 730.798393157952887
37 541.930156247702030 732.070842776475956
38 539.199181609012498 733.354504843823406
39 536.335748248301570 734.647838697896191
40 533.386312648837134 735.955061208334314
41 530.448130238797376 737.266644053272103
42 527.576509272963108 738.573641140656605
43 524.585668927188408 739.896269079308581
44 521.412307514056465 741.299042279867081
45 518.200670749859910 742.755399319575645
46 515.030144129782343 744.293971751863978
47 511.933440930679069 745.822700756296285
48 508.628290660755169 747.335829974571084
49 505.197225699120168 748.875271268043093
50 501.986026661720189 750.346741040588995
51 498.735553464247459 751.740289884609410
52 495.259655395609514 753.288107101015953
53 491.900290912399271 754.921457445060355
54 488.579303897222928 756.504517971300174
55 485.051270002099216 758.119899595145739
56 481.693416559848401 759.615057601473154
57 478.310737775994426 761.090776984201966
58 474.829318355526880 762.729174875660647
59 471.452328082134386 764.342148046308012
60 467.896618839290795 765.947367267715777
08
0
60
1 954.554957149759957 805.610538791758358
2 954.536436827585590 805.782331266026063
3 954.517690904353231 805.963845036121029
4 954.508007288545400 806.179052536527593
5 954.513453875960295 806.390427750322601
6 954.479104487651171 806.673905797169482
7 954.456550579461009 806.962909201876869
8 954.442030230200317 807.298526232602285
9 954.418387210515334 807.658260934937630
10 954.406475407003200 808.025693627714304
11 954.389170850582104 808.495463482697915
12 954.378515973759590 808.976872056694901
13 954.353009294354365 809.489843574254337
14 954.331233512071208 810.051792499672388
15 954.299607730427965 810.680166452423464
16 954.289283108799964 811.336626787330829
17 954.260456067905579 812.055366672527612
18 954.238002377948533 812.839240664670001
19 954.229730670704839 813.659302171600075
20 954.184546099450017 814.534232681298022
21 954.143946720697500 815.476495510537916
22 954.130986726518245 816.453661776491344
23 954.095164131024717 817.498444495476178
24 954.066812124410944 818.614734758869076
25 954.044987673017658 819.783070434118372
26 954.008156433676731 821.032165802704526
27 953.974858174647579 822.303079422034784
28 953.949561595454725 823.670671214610707
29 953.900874765505478 825.092895788128544
30 953.868482394101306 826.535967789007714
31 953.835319255585659 828.097426023253547
32 953.813831948088819 829.766182447156098
33 953.768398288409685 831.482238252643128
34 953.721482907477821 833.280019826250395
35 953.688624093631915 835.157302808441273
36 953.631185388717427 837.104068361089048
37 953.594355232171097 839.104817597184137
38 953.550407914472203 841.152637827077683
39 953.514182317152631 843.244102996436482
40 953.475522244097760 845.403412974157618
41 953.430272605613368 847.581580473829717
42 953.392124546800574 849.772482892319772
43 953.320963305835221 852.016338861163490
44 953.282036813013406 854.300258622055821
45 953.228176067527215 856.640707354972278
46 953.185139588728020 859.049186513465429
47 953.147699425150904 861.489192106514565
48 953.103350962432387 863.963252171847785
49 953.058809815444874 866.447515867154721
50 953.003438146719077 868.947801347873792
51 952.963542121347132 871.457364401151040
52 952.908050027157515 873.952851500198449
53 952.850375528770655 876.388835684638025
54 952.809810925187776 878.828991025263463
55 952.739505906100362 881.357653304445307
56 952.696276181157145 883.902717995378794
57 952.647440067947400 886.465328239648215
58 952.603140360035468 889.035757082159876
59 952.539589445888510 891.582691948119191
60 952.476664978894178 894.058922871291770
09
0
60
1 420.594165458094835 845.891127027502989
2 419.800106126955484 846.463567026028841
3 418.934651448091074 846.806820706126018
4 418.029103136749598 847.424874175014793
5 417.078631312604898 847.832069029972331
6 416.066982554084007 848.509204891597960
7 414.980509288057988 849.000001198020072
8 413.828685394474803 849.728281448324765
9 412.608904174368433 850.495567133210216
10 411.320898355637894 851.159766725348504
11 409.746688353495585 852.003750000892978
12 408.326204342370431 852.921193244839401
13 406.561185785627799 853.892913159215937
14 404.754211962306272 854.913274881277971
15 403.053159626436354 855.999755289130803
16 401.048273907435544 857.143617398912170
17 398.737985693040798 858.389913096174951
18 396.433102330015743 859.817986384288815
19 394.031795999669782 861.185456975324541
20 391.294518418339862 862.660617733940740
21 388.548366013381496 864.309088477435466
22 385.590114230921245 866.051682517265363
23 382.426316998720154 867.677511229372158
24 379.027051554437890 869.564399611531712
25 375.542675498207302 871.530463062644685
26 372.093206068759969 873.558770366145609
27 368.156409178506124 875.704030157304260
28 364.038419800598774 877.987453601802031
29 359.743445964132150 880.530528796185649
30 355.363564616563849 883.087147253826629
31 350.661070148295664 885.726933878634554
32 345.686292718644609 888.560923378998154
33 340.369303409805298 891.476798627433368
34 334.943592833220634 894.655733447673811
35 328.952215292129949 897.999770962178559
36 323.128211837250262 901.456435122792527
37 316.666140346245186 904.826083188631515
38 310.209468691676307 908.718361122856663
39 303.381660830192914 912.522161982147395
40 296.410040161731501 916.493653399502250
41 289.175314287938249 920.570467691122417
42 281.648507027778010 924.752761115833778
43 274.117027878100885 929.167644003937994
44 266.220428331731739 933.642139217872455
45 258.143933176275368 938.232469745945082
46 249.739291871060317 942.906036964870054
47 241.275917988574918 947.717886967836534
48 232.704584618203825 952.557391825753598
49 223.705798074665125 957.729813281318798
50 214.783132381241671 962.873951944308942
51 205.404312510504354 968.051283571493968
52 196.108691014533292 973.349842399866475
53 186.453024819914674 978.897081560989250
54 176.604064184251683 984.331298749045231
55 166.737085658615428 990.104657822673630
56 156.625957649128480 995.890106094509406
57 146.142749592047920 1001.639464462978253
58 135.578560773285687 1007.787329105442609
59 124.828045997813661 1013.778172290116800
60 113.814946465282276 1020.110161727405284
10
0
60
1 1496.515133246627329 846.161371372296458
2 1497.126387840014104 846.698205808969533
3 1497.980676895284660 847.074924004306354
4 1498.877783257585406 847.664829989703094
5 1499.826936315460216 848.088894896736178
6 1500.818758455048737 848.744050771335424
7 1501.873384448639172 849.232181561162861
8 1502.988754950248676 849.969764938632011
9 1504.191867838257849 850.728266530311771
10 1505.514550927229038 851.343343574934806
11 1507.050087973101654 852.182702566857643
12 1508.527938269442984 853.097134221264810
13 1510.266224318391096 854.058183977677345
14 1512.107534542274607 855.062799691514897
15 1514.017734920936391 856.128580086220609
16 1516.054294881132137 857.252749445315089
17 1518.239421607348277 858.457659124805673
18 1520.498214773531117 859.909592175577359
19 1522.880999468751270 861.254989156525653
20 1525.592089495051596 862.656005910933231
21 1528.338958810961685 864.320903296913912
22 1531.169591937574978 866.043874570887851
23 1534.285119630476629 867.709507777008639
24 1537.590540011731036 869.627571937314997
25 1541.182217496415660 871.658462642600739
26 1544.746474005855362 873.764204939293677
27 1548.624250515998483 875.916655259145273
28 1552.680918251883213 878.174584072698849
29 1556.884231864007916 880.676579225669229
30 1561.328141301890128 883.175915983943582
31 1565.912710573079949 885.731433163033671
32 1570.922376920228089 888.604339242325864
33 1576.188126371923545 891.671604409124029
34 1581.656984036724680 894.806159544195680
35 1587.361807748984802 898.097442681673897
36 1593.455323092694016 901.472776333848060
37 1599.797365449150902 904.988488698395599
38 1606.278088005910604 908.819880430786952
39 1613.030904746190572 912.576865193885965
40 1619.918357597778595 916.614889290269275
41 1627.165193766990114 920.640829479800345
42 1634.468670173292367 924.816222933640688
43 1642.198615389498855 929.252407282319496
44 1650.073511535728585 933.663477946189232
45 1658.109611333013163 938.331032007103317
46 1666.220618214896376 942.924630300871286
47 1674.592410941369508 947.708309927743585
48 1683.240385063477561 952.699172127241582
49 1692.124182888992891 957.777888604586451
50 1701.012872732081632 962.861933273815225
51 1710.231407140497595 968.004380373637218
52 1719.538683010367322 973.299664080194248
53 1729.188948435750717 978.866161868812355
54 1738.994865081531998 984.398506683829282
55 1748.678143177751508 990.153190281296702
56 1758.824703561781917 995.755913960141925
57 1769.219071319458408 1001.631184203920839
58 1779.741953113486034 1007.663086632079171
59 1790.418960901548644 1013.679222339156581
60 1801.166787066262941 1020.003762961322195
11
0
60
1 1365.456114275627669 441.709450640903412
2 1366.075896567387872 441.562887516343778
3 1366.574118723800893 441.437947601462042
4 1367.297607455398520 441.317953255081022
5 1367.855553172564214 441.193212839283262
6 1368.622322985154142 441.051935115670403
7 1369.461657010348063 440.821108950712699
8 1370.342380183758223 440.525080091937980
9 1371.264621841392682 440.340298990846122
10 1372.245392639294096 440.158871605872946
11 1373.306502706783704 439.919424929300931
12 1374.448531781192059 439.524170845123024
13 1375.627836239150156 439.283771650258245
14 1376.885847835627146 439.021648069211949
15 1378.414613896408127 438.563013823999199
16 1379.828807738188061 438.259845433327143
17 1381.510891363987412 437.923941240801128
18 1383.133920270369799 437.411525111558149
19 1384.957879644260629 437.046349314313090
20 1386.912568885461496 436.484908252275659
21 1388.944666644877316 436.071254230169245
22 1391.104686625480326 435.461607093970485
23 1393.461512989287257 434.998394613964933
24 1395.892738309648848 434.332457743185103
25 1398.359779050138968 433.816496854044090
26 1401.107986354971217 433.104607148287869
27 1403.979047138199348 432.367474322568626
28 1406.912622269890790 431.769880678280742
29 1410.000920012890447 430.976423614222938
30 1413.222443082856444 430.134851171803291
31 1416.448957026409971 429.274471584091600
32 1420.039131820309422 428.473141070075940
33 1423.797655137645052 427.610717320552226
34 1427.818487032005123 426.642640715711423
35 1431.997069658129249 425.629150713268018
36 1436.311628250463173 424.574090023627491
37 1440.795639374029179 423.491675339195581
38 1445.431832336075331 422.363795056138713
39 1450.274491144738704 421.095636924594316
40 1455.145712397366879 419.867750749997128
41 1460.298390320474709 418.660622311818599
42 1465.479269814760073 417.504464296193646
43 1470.813549408430617 416.275134689775996
44 1476.302396101061049 414.825002801683183
45 1481.975095523816663 413.472077420438666
46 1487.649413173933453 412.161116375591121
47 1493.392713541083367 410.779130550849459
48 1499.369968931012181 409.218524575596234
49 1505.277070960858509 407.828320962855514
50 1511.442145235477255 406.398728740897923
51 1517.565838223764558 404.796950066743705
52 1523.777661887789463 403.370756208925854
53 1530.195849885343023 401.733472739283059
54 1536.639095136996502 400.244889123895575
55 1543.017922132283047 398.749839111243148
56 1549.501007229156357 397.041674034282494
57 1556.154131208905710 395.563808597708089
58 1562.865387965228820 393.791656696358928
59 1569.617534836346067 392.240488233017288
60 1576.412782426705689 390.666284106925332
12
0
60
1 647.917795782537155 155.527130063767743
2 648.672122011529382 156.440017482358058
3 649.404659269960689 157.339945971294185
4 650.136546791365618 158.233228618291918
5 650.830812588002118 159.089731683990379
6 651.497163549644824 159.928414107256231
7 652.166481379452080 160.731051756016655
8 652.804959397499715 161.499986649028472
9 653.439617630944895 162.251878670646505
10 654.056273823573747 162.993348596185086
11 654.644336717443935 163.719267404764167
12 655.255419519074394 164.446016916284805
13 655.803848328395475 165.198755750575401
14 656.339449593819381 165.945254214558020
15 656.911617217154685 166.659496898273261
16 657.500653561400441 167.368630518145352
17 658.034710412244976 168.044780149206957
18 658.566124076420692 168.724502187191234
19 659.081311525961837 169.414884803249294
20 659.614093872472381 170.094631080674390
21 660.170587945751663 170.733590672283810
22 660.717745575052959 171.352059023875796
23 661.284955341650743 171.962130061870226
24 661.813957916210484 172.560411258078318
25 662.342710878711273 173.140155243392798
26 662.855623305420295 173.772584927042004
27 663.335910296721408 174.414305404229452
28 663.767721746114262 175.036784367973411
29 664.205393026511615 175.656116832071092
30 664.611109567299195 176.226514219219382
31 665.059884640320888 176.769055185841495
32 665.574498569476191 177.321449556658479
33 666.124483634519038 177.894310288287414
34 666.727151481926057 178.501085265314060
35 667.263967548414485 179.175829901609234
36 667.747429742997383 179.839856781517767
37 668.196682752704874 180.458994003482275
38 668.614960582473373 181.012234660115951
39 669.059659839136657 181.540085784064729
40 669.519577787433604 182.071313434031225
41 670.017713600984735 182.642850950309764
42 670.572031004822520 183.322245640539506
43 671.080334233690451 183.928311767397503
44 671.529418952692936 184.449566765182652
45 671.926770863998854 184.900923596128450
46 672.297625235609189 185.352599730657914
47 672.619459675144753 185.807089656686657
48 672.952041981012030 186.328179390392563
49 673.390462413310843 186.863335925567611
50 673.821503434706756 187.279974564810090
51 674.234838375038407 187.654494760541951
52 674.551224160926267 188.008722288235305
53 674.778725891874956 188.369458071750927
54 674.989456605078658 188.763673608948096
55 675.268221354212869 189.166659508721011
56 675.558844956087910 189.466526627423320
57 675.845720027074094 189.702829346212098
58 676.119759278466631 189.958167185931444
59 676.335685300104728 190.256245066411054
60 676.493000711672380 190.535461029528619
13
0
60
1 1163.636246395538137 184.746412928394079
2 1163.832457557314001 184.405986737426645
3 1163.955682382801342 184.187793893504761
4 1164.078242074559512 183.964016797997772
5 1164.224678695986540 183.700300507310715
6 1164.481556966664584 183.230935962584340
7 1164.671134497138610 182.907633400794452
8 1164.929620167575422 182.452488547614962
9 1165.201833918237980 181.965912938878489
10 1165.471322164721869 181.495883715951550
11 1165.832050018762857 180.874656157789190
12 1166.231168695003817 180.164078585600407
13 1166.568110206021629 179.596248804242862
14 1167.019204573531169 178.799917989801600
15 1167.521242386584845 177.937267123845231
16 1168.031492857249532 177.035229148900555
17 1168.580977013266647 176.089377249756581
18 1169.158563916125786 175.079270983089941
19 1169.783268167706183 173.998988906712327
20 1170.450194615345254 172.856825750891005
21 1171.137658809267123 171.673963538125008
22 1171.857429295733937 170.426501782278365
23 1172.731724129258509 168.907414986405968
24 1173.538614243791244 167.523157210123316
25 1174.463929736642058 165.931878508114210
26 1175.364685366238973 164.375350303230050
27 1176.387141738877290 162.614695728893025
28 1177.346365730498292 160.929778374685100
29 1178.398559380040751 159.066148337792640
30 1179.505418593710829 157.093304032784943
31 1180.658404491046440 155.028391923511094
32 1181.873118399329087 152.867810274212047
33 1183.142718971411341 150.628361634343548
34 1184.578016198615842 148.133233399144444
35 1185.998891420987320 145.719179610870469
36 1187.478538270003355 143.255595869304983
37 1189.063635553612357 140.527146421480921
38 1190.633022908506291 137.818613010110511
39 1192.229181751198212 135.019806772726611
40 1193.896492501953844 132.057115552638720
41 1195.610150619947717 129.058636639925282
42 1197.211781278082981 126.262375214648912
43 1198.947057691080545 123.195400475823647
44 1200.731664839387349 120.034977336009419
45 1202.567348360121741 116.812329963664368
46 1204.463194469091377 113.595502275709293
47 1206.355928720972770 110.432468271367426
48 1208.286211378983126 107.102630336320672
49 1210.146920313793999 103.734931811359075
50 1211.933645929959539 100.468604425541926
51 1213.883699428252839 97.099056815839333
52 1215.932695423869973 93.634065836074797
53 1217.960858381826938 90.219419760174887
54 1219.916633378507186 86.735225642985867
55 1221.877879226316509 83.177292732946910
56 1223.783655854558447 79.806373770541569
57 1225.924687166733293 76.297216346813443
58 1227.958498376027137 72.780119532961976
59 1229.786512157778361 69.378453284328032
60 1231.865925025325623 65.794547642126943
14
0
60
1 418.574523074594651 577.117943242119168
2 417.799499050037298 577.160901542183751
3 416.943982943737922 577.209935978804992
4 416.050347951558535 577.262273422282647
5 415.114827285493959 577.317455856451829
6 414.121297524462250 577.378424875195037
7 413.041168689406618 577.453426650249412
8 411.895776215353123 577.621650626918495
9 410.697564545003104 577.723844766960838
10 409.413139725758185 577.807117382743627
11 407.864720474302828 577.897149998095301
12 406.407073212840487 577.988709806167890
13 404.667980478769664 578.083382542116283
14 402.877919023249433 578.181318588530530
15 401.099205675890857 578.292036285445420
16 399.067840915658394 578.415807771216350
17 396.756366443470426 578.663589127460568
18 394.496924371513842 578.837081911940345
19 392.157488820417541 578.981823307039917
20 389.431964883327680 579.136388000928832
21 386.744391568631897 579.284404503417932
22 383.840791393085965 579.469620486899885
23 380.731205151476331 579.795331318579088
24 377.356607836112232 580.001818167345732
25 373.891687564776873 580.198125889661355
26 370.335253615037857 580.399032147550429
27 366.457678632428156 580.764672242144457
28 362.450507188878817 581.041310907297316
29 358.294233504147826 581.268250183914802
30 353.922359724492765 581.528064776934343
31 349.201480109879299 581.970104821400923
32 344.348861257934573 582.246662180027784
33 339.199651005153214 582.548261613748537
34 333.756207775626990 583.042141538644159
35 327.907499973594156 583.353247983183905
36 322.158833184735840 583.739660733016422
37 315.881883648427106 584.241156755109728
38 309.425120506660676 584.592422773623639
39 302.876766190944238 585.163740994552541
40 296.003768777157461 585.526370082855465
41 288.914016096552132 586.120851059300207
42 281.612180366608527 586.503487918219548
43 274.241045065287608 587.012079918465133
44 266.634854950942668 587.528323748249136
45 258.828039084402235 588.018201899959990
46 250.710664891540887 588.614255619046503
47 242.500174396132223 589.133343076165261
48 234.249985196394476 589.765647398815076
49 225.695531001995732 590.299615427910226
50 217.087425368928791 590.968033737092242
51 208.192347026982333 591.542085604035833
52 199.362472067209040 592.184937894699715
53 190.166696612950744 592.856503247428577
54 180.862610585424846 593.414620891967161
55 171.597932058874392 594.144707084169113
56 162.032725855601143 594.696301083021353
57 152.325320290620425 595.445197173413931
58 142.478339673348785 596.019880857263729
59 132.445056365798564 596.801480975514664
60 122.375265948876063 597.388624396326009
15
0
60
1 347.794194880882287 189.329483848646788
2 347.137962009333137 188.951546364987763
3 346.718855366716696 188.710667031053447
4 346.340624523325630 188.496604244356320
5 345.891160897614270 188.230313302546392
6 345.034340704174440 187.725094500303470
7 344.515748612776349 187.420834251025695
8 343.665772549980716 186.935134034701264
9 342.819279684137939 186.443263390370873
10 341.926830377794772 185.937481470302743
11 340.817996148559018 185.297274682121213
12 339.534213834591924 184.565894468207830
13 338.374220169442424 183.911317571259559
14 336.872899284757636 183.054426463463216
15 335.272417800665721 182.140878106212000
16 333.572868959003699 181.174145264739280
17 331.775199556442260 180.147668944847339
18 329.849624245613541 179.047909079467019
19 327.847828671150296 177.907080248129660
20 325.786877349338056 176.727950451791088
21 323.726254374494999 175.533606443928164
22 321.585520545590043 174.277307027479878
23 318.888386129844491 172.719565904301106
24 316.282159158469653 171.228536621518600
25 313.255789772258652 169.522473436942391
26 310.135542945042857 167.781152446349466
27 306.784602278316072 165.867331499769506
28 303.883668866494929 164.174382026722952
29 300.573281588048360 162.216603408709062
30 296.750935406627946 160.034191564719862
31 292.648720190542292 157.751832806563471
32 288.636327625516117 155.452079638978375
33 284.724356244440969 153.145895556692750
34 279.813773523211580 150.372857111473394
35 275.007241198676240 147.649154707205270
36 270.622961735231797 145.064815205828012
37 265.092660729189390 141.947686068319996
38 260.096083953991297 139.075944834267887
39 254.631112466076900 135.900245860340704
40 248.962828825288597 132.627239930228939
41 243.167985121807419 129.319465766428152
42 237.409538886420478 126.070360842275846
43 231.403262944746501 122.534629827423259
44 225.019508842129653 119.020839953000362
45 218.659324106355683 115.347802648170486
46 212.378999629031824 111.631285815588384
47 205.612456720492844 107.849878898949683
48 198.821717045147665 103.973856076923056
49 191.855133650279299 100.020666438271164
50 184.886904904213679 95.994888235209075
51 177.801565682182115 91.917966040858275
52 170.605310853072922 87.785224163031785
53 163.273340888488377 83.589504406006071
54 155.756600574658563 79.291635512250252
55 148.160560115621820 74.919023645942076
56 140.273775983646772 70.413121171242906
57 132.653716405892936 66.039477715874881
58 124.581899496221226 61.437031506345761
59 116.706933004641002 56.899838323043753
60 108.427885836493289 52.172994585816838
16
0
41
1 1505.732473625587772 66.855943300847343
2 1505.729560560669597 66.858252673687730
3 1505.771682549973775 66.822721727079326
4 1505.861431414445406 66.742887394525482
5 1505.987864590359550 66.623347154891277
6 1506.165063990456929 66.466955581185601
7 1506.359326902518887 66.303073844180048
8 1506.564573322605156 66.133410021606679
9 1506.797223877732222 65.936184483999241
10 1507.081133406714116 65.688011448565490
11 1507.525089442982107 65.308587147200058
12 1508.111726777480271 64.787686288293443
13 1508.646154541260785 64.327517205451443
14 1509.431939392802633 63.650527024309575
15 1510.104963330893042 63.062640674454798
16 1510.995926276852742 62.287620405233270
17 1511.689693753267875 61.688733679294288
18 1512.656498362252023 60.848100818029607
19 1513.726102057820526 59.924648132752651
20 1514.867874628769187 58.939340833243406
21 1516.112576878897471 57.854320237295099
22 1517.484879727205453 56.662308932345454
23 1518.874080067809018 55.461554331322333
24 1520.323379211915835 54.212661076667700
25 1521.838463698136138 52.886142064201749
26 1523.536093024682032 51.424609031211219
27 1525.282615008417451 49.915760961232877
28 1527.217847181353363 48.218405986536794
29 1529.043127667645649 46.628417214980026
30 1531.268545982805790 44.759167127677316
31 1533.323816262239006 42.914587468425800
32 1535.668182013039313 40.910055094263448
33 1538.066727228315813 38.872911008269526
34 1540.512861749692547 36.671166959072337
35 1543.305814363465970 34.327568215723375
36 1545.994037104214385 31.932988452599979
37 1548.902752387278952 29.465449647184684
38 1551.726575088728396 26.923029227861733
39 1554.877298276675219 24.339945534762688
40 1557.820170603190036 21.644416028582956
41 1560.972753705400919 18.949818849204988
17
0
35
1 1751.684102354296328 973.007140989292111
2 1752.902010578151021 973.725194737053926
3 1754.185928500087812 974.319540364145723
4 1755.505383314663732 975.133200267453162
5 1757.061004113455056 975.977598379082224
6 1758.471406050609630 976.704839186838285
7 1760.213089502219418 977.603051178397777
8 1761.832418089162047 978.588056788266385
9 1763.777613385096629 979.618827336740083
10 1765.866759017605091 980.711642603114683
11 1768.125413377255200 981.893813185062186
12 1770.554612039688891 983.333171951677741
13 1773.168169957133614 984.657546649319670
14 1775.898196596447406 986.093410245971995
15 1778.652819901640214 987.802321013514415
16 1781.770599778157930 989.540501548172870
17 1785.184278697466652 991.315289744458482
18 1788.898931057461823 993.310581063199947
19 1792.614687461737276 995.401579355084209
20 1796.586116753754141 997.565054412819563
21 1800.898250318191685 999.854873500269264
22 1805.621650346341085 1002.458883721503639
23 1810.388741358636025 1005.039528326724508
24 1815.510615745758969 1007.992915786632807
25 1821.067958613928568 1010.836009086368904
26 1826.609943597590018 1013.864976116669709
27 1832.702880589163215 1017.219496241461343
28 1839.028820962270174 1020.793548269616053
29 1845.649955715765600 1024.451174658740456
30 1852.818487784034460 1028.291278878414687
31 1860.336798565108666 1032.398260396670366
32 1868.292298207512658 1036.801148442800240
33 1876.650193582494012 1041.325148977108256
34 1885.473924780723564 1046.290411652560124
35 1894.820950932858750 1051.263894424990895
18
0
34
1 160.687391977548430 709.875257869108736
2 159.469642857900197 710.071335290048069
3 158.237270207236094 710.271445634711881
4 156.963379744608659 710.563243133921674
5 155.456548086427119 710.966042790988922
6 153.970040188208742 711.208083514823443
7 152.288589927961624 711.510656179419584
8 150.613336663464111 712.011924649466664
9 148.675087336554128 712.319211184398114
10 146.635106681037655 712.856467312549739
11 144.434053375152928 713.253007860134517
12 142.047265270149410 713.720169580010065
13 139.395585166793438 714.290943010339674
14 136.787761177091113 714.931311814188234
15 133.865823488648715 715.455376167404097
16 130.759949982472250 716.195781758420367
17 127.445376907261064 716.790480621137817
18 123.792276553235553 717.564672074322516
19 120.059088003375848 718.420037146295158
20 116.026073497782363 719.309280250524921
21 111.781944600021404 720.215498196895396
22 107.249372243325439 721.127032211265600
23 102.381447682597980 722.122490635327040
24 97.250345048736534 723.245933246675577
25 91.912817609368574 724.468341256951362
26 86.263380113681123 725.675360482566589
27 80.281714108965517 726.907468934339136
28 74.060379703908254 728.175286796934074
29 67.490603153275842 729.531060856142744
30 60.416601256846690 731.116376642762475
31 53.157169739949893 732.599315768279553
32 45.397582857503622 734.333926952949128
33 37.014351706986936 736.005044890142358
34 28.427043465717190 737.926771831877659
19
0
50
1 288.530306509752791 710.921808771612746
2 287.540394392717701 711.133425866068137
3 286.498192159192513 711.362446213039334
4 285.427871142227787 711.642853220453276
5 284.322040753353519 712.022287396259685
6 283.142928278678596 712.297136675781530
7 281.661942155907525 712.604182499852982
8 280.289811382106791 713.077801846399211
9 278.692673717758680 713.411825675993782
10 277.058704221378093 713.915141340329569
11 275.184519474974820 714.345292550073054
12 273.201603738396102 714.800283767056612
13 271.094604981574889 715.377276091711451
14 268.858197686432675 716.010517180870352
15 266.477233956780140 716.512879044211218
16 263.809364089895496 717.274986675768787
17 261.130165822748381 717.840163683860965
18 258.219765175409862 718.589133023075647
19 255.156507270413641 719.436816515674991
20 251.869287818094449 720.316161700820885
21 248.258956137866505 721.205704453412977
22 244.593495562112309 722.071220691469875
23 240.609670141630630 722.935997578712886
24 236.412949517244954 723.998411486997725
25 232.120540344160162 725.210292482862769
26 227.373637373417239 726.420611635358227
27 222.570466080760696 727.648069792830370
28 217.375301003314775 728.921549259432140
29 212.105047679477650 730.291195504779466
30 206.416982132618045 731.848392174930268
31 200.434392368903417 733.333528146500726
32 194.044217169854022 735.038196410830437
33 187.424029906894447 736.577145286649625
34 180.418292824312402 738.375775274586431
35 173.041054067821051 740.178190820269947
36 165.361368701317957 742.170559728562694
37 157.283428885622470 744.287451656458074
38 148.833559238185046 746.456790018734637
39 140.291250494187437 748.566385015428750
40 131.325061945080705 750.873879683910104
41 122.060138969416712 753.271071227524999
42 112.414922248151996 755.615332677463016
43 102.634380428294932 758.129215165849473
44 92.411101621632184 760.764898043989547
45 81.925535471207127 763.479744103786516
46 71.231507012020330 766.174497574713541
47 60.219086915957242 768.901854662098572
48 48.953756433277036 771.907760461567250
49 37.480803381302501 774.788279509215613
50 25.648390844772429 777.707261425531215
20
0
41
1 146.212334933576813 73.626828524039837
2 146.088000739772951 73.558845256004460
3 145.984159222840930 73.496646575564228
4 145.871829312766323 73.429842647221051
5 145.685467616479229 73.306053524194596
6 145.387774278711959 73.126052500496257
7 144.960995282467991 72.890130390784407
8 144.418222438225229 72.597881735254717
9 143.861625435008989 72.282193671549422
10 143.312961980076835 71.967739355075125
11 142.558461193051301 71.533069238127524
12 141.659210576577209 71.000671092079330
13 140.810177245536863 70.519458185292279
14 139.474424451470099 69.762338496718286
15 138.342940084789575 69.132891209437702
16 136.893385846484165 68.287220310149962
17 135.732280878323650 67.620151746953837
18 134.075728496428326 66.664398951257439
19 132.163579286223580 65.567811546978248
20 130.178499138702534 64.431034794539286
21 128.294248295254050 63.344609362158742
22 126.225000509878072 62.160818045912890
23 123.737694251789762 60.737288945525350
24 121.274708803188361 59.338683480881116
25 118.786048743878354 57.906357731578161
26 115.912342362703939 56.259849747206630
27 113.203548736577716 54.727576528599720
28 109.749486697697336 52.729099053463905
29 106.668816523877126 50.975939141926958
30 103.045149636551045 48.885269960245736
31 99.533091206343798 46.889899361712736
32 95.314963909264122 44.460140342986875
33 91.555124080710911 42.299804090849769
34 87.246894797258079 39.826708906151715
35 82.520790580403116 37.157782249068831
36 77.695057260993394 34.398468031025352
37 72.834469267089673 31.609242392651403
38 67.931948283090520 28.741728115049931
39 62.708370060615387 25.729956630873311
40 57.270242066934316 22.627023551603955
41 51.643068015589463 19.442536638123663
21
0
60
1 1567.824022034109021 189.251439663605083
2 1568.428296464179766 188.889554637106983
3 1568.902241128705782 188.610448903142412
4 1569.402979507395912 188.331434491015841
5 1569.984663947528588 187.984647592168045
6 1570.801879049610079 187.513179689420099
7 1571.450524318638145 187.138839658253147
8 1572.330813467314556 186.629946665804738
9 1573.177079496297665 186.135829095688621
10 1574.090522246404134 185.614540209742643
11 1575.148388485357827 184.994456021711756
12 1576.423100672714554 184.261106316122863
13 1577.421098722144052 183.691619837458973
14 1578.855538153240104 182.862843200767657
15 1580.403973871289736 181.970195156389963
16 1582.022955197666306 181.038811096297252
17 1583.721224563081933 180.067426997913941
18 1585.538499572963929 179.020604268245563
19 1587.509945817379730 177.875466930131040
20 1589.639289688239160 176.646751037713386
21 1591.910901001776438 175.350673055665823
22 1594.269215936491491 173.985254189688391
23 1596.992711157519352 172.420056719067645
24 1599.468191501709271 170.973104701722121
25 1602.309279159163452 169.324743995359114
26 1605.107839461530602 167.703369048654935
27 1608.358728434012619 165.836583135810088
28 1611.675210238207455 163.954313522850583
29 1615.170417374335557 161.960560921331421
30 1618.754075873053353 159.879478930803998
31 1622.423199730470515 157.688540945674475
32 1626.540357148571502 155.361293495034545
33 1630.900183694219095 152.903359409315811
34 1635.404136050413172 150.227955546682608
35 1639.870999287653149 147.612851601584794
36 1644.909844753484322 144.867541728707124
37 1649.817313450592337 141.865803253789494
38 1655.157646529592739 138.893370573733762
39 1660.421474199668637 135.811520543716171
40 1666.076250910567751 132.542242470145482
41 1671.789896213302427 129.206736290309465
42 1677.428212245801888 125.998138665547884
43 1683.421679242281698 122.478570075338112
44 1689.601365570297730 118.954872572106950
45 1695.920776873458863 115.340444583749331
46 1702.589067669853648 111.542005741529778
47 1709.000805364290727 107.797064359082270
48 1715.539913870467672 103.996321818241142
49 1722.228145050426065 100.122178592142873
50 1729.122583984791390 96.142196181316947
51 1736.161558307900805 92.091028639930926
52 1743.313706478079666 87.963615876053808
53 1750.715158396235438 83.711608414141836
54 1758.396681702756723 79.292529625667726
55 1766.026679865833557 74.888108528823409
56 1773.479408793709354 70.584815839595734
57 1781.229509021798094 66.116379095467423
58 1789.072916298726113 61.603520943514958
59 1796.970701822251158 57.039322561144644
60 1805.003285855955255 52.406288968116058
22
0
35
1 1094.160430324970321 983.617601016633785
2 1094.304502207401129 984.293427880405488
3 1094.454745791623054 984.824140627285487
4 1094.616775842630432 985.592053363529089
5 1094.928097722184475 986.387001175646560
6 1095.211581475082539 987.062973347585512
7 1095.415062615655870 987.927978722384523
8 1095.635427968846443 988.871933234834614
9 1096.065219459498167 989.867684479454169
10 1096.350230608279844 990.936908200156154
11 1096.627315406093430 992.085702878829352
12 1097.127185459070233 993.474144702982926
13 1097.454941444411816 994.768430487320074
14 1097.856243459824100 996.142960935430324
15 1098.383270857687876 997.772911546507657
16 1098.806654369639091 999.456807907655616
17 1099.418145081003559 1001.119333092389525
18 1099.932186427401348 1003.026263877880865
19 1100.555117002124462 1005.028522503051477
20 1101.275674429748506 1007.120738266352419
21 1101.819460859223000 1009.356215461815964
22 1102.583144752890121 1011.860156728426091
23 1103.424802519781906 1014.290617074796501
24 1104.245506730678017 1017.026864609423797
25 1104.943439423847849 1019.704752136768093
26 1105.828799229039760 1022.631233386938106
27 1106.771747794425664 1025.710848566148798
28 1107.754390810395989 1028.974991101756586
29 1108.773501337924699 1032.467758539626629
30 1109.836027684263854 1035.907816036127770
31 1110.950940525812939 1039.730960549511110
32 1112.160290168370921 1043.729110278513645
33 1113.547098313031029 1047.915084244068794
34 1114.834864962677102 1052.285029229803968
35 1116.150532185558177 1056.730133558381112
23
0
34
1 165.437288139586059 972.919604775990024
2 164.234493362216710 973.622673808375112
3 163.009379365005401 974.185966353430331
4 161.761520331938414 974.998124852697174
5 160.256431645486174 975.823119344974657
6 158.728877591231992 976.531442586640765
7 157.042336818218217 977.439725843515589
8 155.271398062069039 978.433749249549010
9 153.285735409702568 979.486595610966106
10 151.183961092280981 980.618063367614127
11 148.991030747712017 981.842897108371176
12 146.686245551656839 983.266795057351487
13 144.040761653699121 984.629614009075453
14 141.438586775120399 986.085306986833530
15 138.461526946737820 987.773989756229980
16 135.241683236014438 989.480206556873100
17 131.861071012941721 991.182837676438680
18 128.178946659664291 993.136580011396063
19 124.567538157285128 995.223210054742367
20 120.452940779678158 997.427002706997428
21 116.050513525323595 999.814843315572944
22 111.482440185743570 1002.452052170453499
23 106.675460846704880 1005.012709375207237
24 101.374221826452896 1007.854929449551719
25 96.004548800447083 1010.667923742743255
26 90.250106367102944 1013.872511617529767
27 84.221253324449194 1017.177007963023811
28 77.845235669498123 1020.590764762788808
29 71.156953519996648 1024.431819427391019
30 64.017380331094415 1028.153598802235365
31 56.613279274961620 1032.338970402417544
32 48.627272403625618 1036.723906972392115
33 40.075760134830624 1041.352805216788056
34 31.272001649763340 1046.101634536358461
